GeneId	Chr	Start	End	Intron_Start	Intron_End	Log2TPMRatio	TPM_1	TPM_2	minusLog10PValue	PValue	RValue_1	RValue_2
IL3RA	chrY	1405509	1451582	1405820	1410620	0.895386	0.426442	0.229256	4.80606	1.56292e-05	-0.189129	-0.395636
IL3RA	chrY	1405509	1451582	1421126	1421214	0.423654	4.41161	3.28901	2.48299	0.00328857	-0.748396	-0.797105
IL3RA	chrX	1455509	1501582	1455820	1460620	0.895099	0.426469	0.229317	4.7917	1.61546e-05	-0.189118	-0.395546
IL3RA	chrX	1455509	1501582	1471126	1471214	0.423654	4.41161	3.28901	2.48299	0.00328857	-0.748396	-0.797034
GPR143	chrX	9693453	9734005	9693881	9707524	-0.595156	0.026608	0.040195	2.04412	0.00903401	-0.663243	-0.71219
GPR143	chrX	9693453	9734005	9716707	9727371	-1.20109	0.000412609	0.000948641	2.24926	0.00563302	0.210827	-2.18982
S100G	chrX	16668281	16672791	16669265	16672527	0.849296	0.0161589	0.00896907	4.39865	3.99343e-05	-0.483058	-0.409884
DMD	chrX	31137345	33357726	32536249	32563275	-0.467983	0.000151172	0.000209098	2.16456	0.00684599	0.628659	-6.39404
MAGED4#2	chrX	51927919	51935366	51930327	51930737	1.06594	0.740883	0.353892	3.90545	0.000124322	-0.72687	-0.759903
MAGED4B#2	chrX	51927919	51935364	51930327	51930737	1.06594	0.740883	0.353892	3.90545	0.000124322	-0.72687	-0.759903
PHF8	chrX	53963113	54071569	54012218	54012248	-0.17801	3.47692	3.93352	2.2728	0.00533575	-0.945107	-0.930895
HEPH	chrX	65382391	65487230	65393644	65408200	-0.35474	0.00860683	0.011006	3.38288	0.000414114	-0.0628115	-0.121797
BCYRN1	chrX	70430035	70948962	70464744	70465188	-0.465801	0.0230747	0.0318682	2.21591	0.00608255	-0.311636	-0.263229
BCYRN1	chrX	70430035	70948962	70595137	70596799	0.541383	0.0278428	0.0191311	3.34701	0.000449772	0	0
BCYRN1	chrX	70430035	70948962	70685856	70711530	0.386412	0.0258729	0.0197935	3.7146	0.00019293	0	0
BCYRN1	chrX	70430035	70948962	70712848	70748391	0.459591	0.0102886	0.0074818	3.21716	0.000606519	0	0
BCYRN1	chrX	70430035	70948962	70748576	70749562	0.988854	0.00754663	0.00380258	2.06752	0.00856011	0.00373499	0.0163523
BCYRN1	chrX	70430035	70948962	70750376	70752911	0.388289	0.0211729	0.0161769	2.30225	0.00498594	0	0.000159264
LOC101928128	chrX	84465712	84474295	84467885	84474055	1.31062	0.000607197	0.00024479	2.14713	0.00712638	-1.4639	-0.60392
XRCC6P5	chrX	98716600	99194841	98911639	98974476	0.281565	0.000121551	0.0001	2.10553	0.0078427	1.4963	3.25253
RHOXF2#2	chrX	119292467	119297933	119293333	119294263	-0.702955	0.0570246	0.0928266	2.13814	0.00727538	-0.98722	-0.924906
RHOXF2B#2	chrX	119292467	119297945	119293333	119294263	-0.702955	0.0570246	0.0928266	2.13814	0.00727538	-0.98722	-0.924906
LAMP2	chrX	119560003	119603204	119565318	119570348	-0.221104	0.267684	0.31202	2.0072	0.00983569	-0.963537	-0.968487
XPNPEP2	chrX	128872946	128903525	128889348	128890459	1.50072	0.00514814	0.00181923	2.33685	0.00460416	-0.500597	-1.49647
RAP2C	chrX	131337052	131353508	131352370	131353397	-0.314395	0.189639	0.235814	2.70266	0.0019831	-0.660969	-0.695212
PLXNB3	chrX	153029651	153044801	153036339	153036419	1.95208	0.0307541	0.00794821	2.06823	0.00854607	-0.886425	-1.2592
PLXNB3	chrX	153029651	153044801	153039169	153039313	2.18334	0.0176777	0.00389202	2.81979	0.00151428	-0.590094	-1.38239
PLXNA3	chrX	153686621	153701989	153686769	153688496	-0.464702	0.242617	0.334819	3.58988	0.000257112	-0.270169	-0.264531
LINC00308	chr21	23470936	23488847	23481873	23484089	1.7855	0.000411878	0.000119476	2.84636	0.00142444	0.303107	2.49039
LOC339622	chr21	26212864	26430056	26217244	26402096	1.23595	0.00193211	0.000820298	2.98788	0.00102829	-0.771781	0.0066905
LOC339622	chr21	26212864	26430056	26402173	26427746	0.98401	0.00205828	0.00104061	2.49438	0.00320345	-1.09447	0.0149312
APP	chr21	27252861	27543446	27512709	27542881	0.868636	0.0122817	0.00672623	3.58988	0.000257112	-0.834866	-1.01901
BACE2	chr21	42539728	42654461	42557167	42598192	-0.498766	0.181842	0.256944	2.9096	0.0012314	-0.453628	-0.385824
ABCG1	chr21	43619799	43717354	43627097	43636186	0.826432	0.00816179	0.00460261	2.41201	0.00387247	-0.195281	0.00224068
CRYAA	chr21	44589118	44592920	44589399	44590626	2.16081	0.0111364	0.00249043	3.72911	0.000186589	-1.22242	-0.774073
XKR3	chr22	17264306	17302584	17265300	17280660	-0.688709	0.000220914	0.000356079	2.31958	0.00479093	0.3482	-1.54466
CECR2	chr22	17840839	18037856	17840914	17956627	0.657038	0.00164602	0.00104387	4.37122	4.25386e-05	0	0
SCARF2	chr22	20778874	20792146	20780570	20781684	-0.558761	0.0647408	0.0953634	2.27282	0.0053356	-0.764964	-0.455525
BCRP2	chr22	21457305	21476575	21457516	21470217	3.26187	0.0928161	0.00967614	9.18874	6.4753e-10	-0.0143703	0.000798962
BCRP2	chr22	21457305	21476575	21472599	21473075	3.78703	0.134749	0.00976146	8.7699	1.69864e-09	-0.0402287	-0.272375
FAM230B	chr22	21521192	21546445	21521404	21524234	3.16897	0.00226081	0.000251367	2.88454	0.00130455	-1.49088	-0.860936
FAM230B	chr22	21521192	21546445	21524787	21527732	1.46077	0.000652856	0.000237181	2.21157	0.00614371	0.165438	0.716677
POM121L8P	chr22	21636714	21652015	21638565	21641870	3.39743	0.0230367	0.00218621	8.19061	6.44746e-09	-0.759282	-0.940288
YDJC	chr22	21982378	21984340	21983697	21983890	-0.373126	1.57607	2.04126	3.1014	0.000791776	-0.736293	-0.749518
POM121L1P	chr22	22974028	22987012	22976188	22976695	3.35046	0.217878	0.0213612	9.17987	6.60887e-10	-0.344388	-0.620333
PIWIL3	chr22	25115001	25170687	25119223	25120853	1.42716	0.00176273	0.00065549	2.39831	0.00399659	0.0363868	0.166454
TMEM211	chr22	25331208	25335314	25331563	25334115	0.973872	0.192069	0.0977895	2.39332	0.00404282	-0.843473	-0.953217
MYO18B	chr22	26138120	26427007	26173749	26176022	-0.668696	0.00186406	0.00296317	2.13201	0.0073788	-0.806011	0.00959546
TPST2	chr22	26921714	26986089	26961371	26986016	0.885756	0.0367243	0.0198753	7.51734	3.03852e-08	-1.06363	-0.904986
SEC14L3	chr22	30855216	30868034	30864684	30864775	4.79251	0.00277134	0.0001	2.10553	0.0078427	-0.558521	-4.5238
SEC14L3	chr22	30855216	30868034	30866570	30867146	1.49896	0.00176077	0.000622974	2.33265	0.00464893	-0.661857	-3.29955
SMTN	chr22	31477282	31500610	31481278	31483950	0.633397	0.0566659	0.0365301	2.09075	0.00811425	-0.363774	-0.382645
APOL4	chr22	36585176	36600879	36597935	36598038	2.19213	0.0441999	0.00967216	2.30228	0.0049856	-1.27887	-0.92029
ENTHD1	chr22	40139049	40289794	40231964	40257769	-1.71988	0.00113811	0.00374903	2.34187	0.00455126	0.00619683	-1.20411
LOC101927257	chr22	40917804	40922711	40919445	40919528	1.04021	0.0796668	0.0387386	2.23019	0.0058859	-0.827191	-1.11853
SERHL	chr22	42896585	42908566	42898039	42898356	-0.287218	2.12788	2.59662	2.23384	0.00583663	-0.808726	-0.827111
SERHL2	chr22	42949868	42970388	42951352	42951669	-0.279974	2.02337	2.45672	2.13792	0.00727922	-0.78173	-0.799731
SERHL2	chr22	42949868	42970388	42967908	42968441	-0.293375	0.813024	0.996364	2.48299	0.00328857	-0.857605	-0.844466
EFCAB6	chr22	43924624	44208217	44031097	44062983	0.424045	0.0450292	0.0335617	2.21448	0.00610263	-0.0695579	-0.138234
CPT1B	chr22	51007290	51017096	51016895	51016977	-0.53917	0.845197	1.22819	2.59687	0.00253006	-0.348012	-0.364873
LINC00540	chr13	22784424	22850659	22784568	22848661	1.49069	0.00286364	0.00101901	2.22473	0.00596033	-0.782974	-1.01685
POLR1D	chr13	28194880	28241559	28195278	28195915	-0.224603	1.18284	1.3821	2.30225	0.00498594	-0.608353	-0.636958
KL	chr13	33590571	33640282	33591398	33627903	1.8984	0.00315126	0.000845296	2.39657	0.00401264	-0.806951	-0.820113
STARD13	chr13	33677272	34250972	34238275	34250814	0.524582	0.000219181	0.000152366	2.73829	0.00182686	-2.16583	-0.60421
STOML3	chr13	39540062	39564996	39544526	39546648	1.1633	0.000223969	0.0001	2.46932	0.00339376	0.692339	-3.57049
DGKH	chr13	42614172	42830716	42614263	42622843	2.09034	0.00627746	0.00147411	4.17877	6.62574e-05	-0.617726	-1.24732
DGKH	chr13	42614172	42830716	42714980	42727885	1.28751	0.00209321	0.0008575	4.17467	6.68844e-05	-1.34989	-0.653939
DGKH	chr13	42614172	42830716	42770096	42772613	2.43442	0.00864114	0.00159859	3.92772	0.00011811	-1.27737	-0.0861176
DGKH	chr13	42614172	42830716	42799474	42803234	2.55007	0.00966999	0.00165111	3.78648	0.0001635	-2.03021	-0.711183
SPERT	chr13	46276439	46288694	46277727	46287316	0.462982	0.000167058	0.000121198	2.06479	0.00861405	0.869318	2.19028
LRCH1	chr13	47127296	47327175	47319037	47324674	0.614125	0.347522	0.227045	3.68948	0.000204418	-0.680215	-0.668583
POU4F1	chr13	79173230	79177695	79176687	79177338	1.80328	0.00559172	0.00160216	2.11573	0.00766066	-0.771101	-1.15344
MIR4500HG	chr13	88096242	88323218	88125809	88163620	0.305318	0.000132753	0.000107432	2.42561	0.00375314	0.999033	2.17877
MYO16	chr13	109248500	109860355	109562499	109610035	0.17383	0.000126783	0.000112391	2.4704	0.00338534	0.769645	1.58346
ING1	chr13	111364970	111373421	111365325	111365609	-0.403823	0.157005	0.207718	2.51379	0.00306343	-0.132298	-0.0919047
GRK1	chr13	114321597	114438637	114324130	114325813	1.97539	0.00273876	0.000696469	5.67957	2.09134e-06	-0.729866	-1.81558
GAS6	chr13	114523522	114567076	114523992	114524930	-0.716354	0.0477632	0.078476	2.56584	0.00271747	-0.681993	-0.505428
DLGAP1	chr18	3496030	4455266	3845359	3874153	1.24072	0.000287327	0.000121585	2.68749	0.00205356	0.265934	1.32236
C18orf42	chr18	5143672	5197255	5145755	5197036	-1.5837	0.00197845	0.00593016	4.14311	7.1926e-05	-0.761369	-0.433273
GREB1L	chr18	18822203	19102791	19088553	19093781	-0.389167	0.0415571	0.0544247	2.04412	0.00903401	-0.810242	-0.582849
CCDC178	chr18	30517366	31020685	30804901	30806756	-1.94803	0.000161277	0.000622282	2.12026	0.00758128	1.33981	0.19473
DTNA	chr18	32073254	32471808	32400880	32405230	-1.92358	0.000112272	0.00042592	2.4083	0.00390573	2.93203	-2.72483
FHOD3	chr18	33877659	34360022	34340746	34349227	-0.483046	0.00737121	0.0103027	2.17603	0.00666763	-0.756013	-0.979106
ZNF532	chr18	56530061	56653709	56530399	56532535	-0.596869	0.250358	0.37865	2.0072	0.00983569	-0.503796	-0.595025
LOC284294	chr18	61771325	62090827	62074494	62079539	2.04809	0.000469711	0.000113578	2.8256	0.00149416	0.262163	2.88609
NETO1	chr18	70409549	70534810	70415400	70416248	4.8123	0.256037	0.00911289	5.03467	9.23282e-06	-0.921583	-1.09084
NETO1	chr18	70409549	70534810	70502555	70526060	3.61922	0.0349898	0.00284739	6.36079	4.35722e-07	-0.59078	-0.308226
LOC100505817	chr18	70992176	71017124	70992429	70999699	0.624418	0.00631352	0.00409547	2.66184	0.00217852	-1.6039	-0.763526
LOC100505817	chr18	70992176	71017124	70999817	71016318	1.39573	0.00454403	0.00172697	3.80261	0.000157538	-0.657577	0.0362542
MUC6	chr11	1012824	1036706	1028784	1028888	-1.71138	0.00573243	0.0187722	2.07295	0.00845375	-1.69212	-0.994091
BRSK2	chr11	1411129	1483919	1432864	1457269	1.24925	0.00361699	0.00152155	4.07598	8.39493e-05	0.001947	-0.0548086
BRSK2	chr11	1411129	1483919	1459622	1462017	0.985664	0.0241748	0.0122081	3.24159	0.000573341	-0.786234	-0.766374
BRSK2	chr11	1411129	1483919	1464866	1466200	0.996639	0.0274361	0.0137501	2.43081	0.0037084	-0.673509	-0.864037
BRSK2	chr11	1411129	1483919	1467138	1471005	0.701788	0.0166123	0.0102134	2.04914	0.00893015	-0.813466	-0.81673
SYT9	chr11	7273181	7490276	7335173	7437272	-0.975365	0.00182096	0.00358025	3.03299	0.000926856	-0.304157	-0.510113
SYT9	chr11	7273181	7490276	7441867	7458867	-0.998167	0.101327	0.202396	4.26245	5.46447e-05	-0.234201	-0.283305
SYT9	chr11	7273181	7490276	7462951	7471603	-0.936497	0.0205782	0.0393841	2.56555	0.00271923	-0.901399	-1.08067
SYT9	chr11	7273181	7490276	7471674	7479026	-0.723373	0.135786	0.224188	2.45239	0.00352868	-0.178269	-0.258082
SYT9	chr11	7273181	7490276	7479191	7482469	-0.763841	0.0847181	0.143852	2.44223	0.0036122	-0.275971	-0.384364
SPON1	chr11	13984184	14289679	14282299	14284257	-0.32459	0.980297	1.22764	2.06271	0.00865548	-0.862331	-0.786121
ANO5	chr11	22214722	22304913	22242757	22247529	1.52762	0.000786453	0.00027278	2.03343	0.00925909	-2.35785	0.61475
MPPED2	chr11	30406040	30607930	30410504	30431617	-0.930497	0.00161315	0.00307455	2.32199	0.00476439	-0.488987	-0.413318
ALX4	chr11	44282278	44331716	44286734	44289043	-1.23241	0.00131665	0.00309358	2.54176	0.00287239	-1.08049	-0.698382
TP53I11	chr11	44953899	44972857	44962299	44962553	0.547565	0.280004	0.191572	2.33189	0.00465699	-1.04186	-0.961478
MYRF	chr11	61520109	61555990	61549297	61550969	-0.503477	0.0296533	0.0420373	2.89851	0.00126324	-0.719537	-0.756325
SLC22A11	chr11	64323073	64340347	64329908	64331779	1.19643	0.00130946	0.000571386	2.16079	0.00690566	-0.246554	-1.11465
TSGA10IP	chr11	65713115	65727434	65721209	65726353	1.12517	0.00904617	0.0041472	2.86004	0.00138026	-0.99361	-1.43116
LRP5	chr11	68080077	68216743	68080274	68115314	1.42043	0.00546497	0.00204172	4.86401	1.3677e-05	-0.787829	-0.805568
LOC338694	chr11	68914696	68939030	68935908	68938666	0.782829	0.00278852	0.00162076	2.42128	0.0037907	-0.789166	-0.789863
SHANK2	chr11	70313961	70935842	70319545	70331418	-1.14455	0.000131926	0.00029166	2.71143	0.00194342	0.194149	-1.34042
MAP6	chr11	75297963	75379479	75317050	75319153	1.28107	0.186143	0.0765961	3.12472	0.00075037	-0.72356	-0.569818
TENM4	chr11	78364328	79151695	78387433	78399098	-0.463725	0.0231534	0.0319308	3.82873	0.000148345	-0.148434	-0.642686
NOX4	chr11	89057522	89322779	89088212	89106599	0.506288	0.000157001	0.000110534	2.08217	0.00827615	1.08373	3.16548
LOC101929295	chr11	94883703	94892312	94884913	94890791	-0.8589	0.033604	0.0609461	3.5652	0.000272147	-0.797226	-0.586832
SESN3	chr11	94898677	94965705	94964738	94965215	-0.523638	0.257387	0.370013	2.78884	0.00162615	-0.88065	-1.01953
LOC100129203	chr11	94963350	94967568	94964738	94965215	-0.531533	0.270429	0.390896	2.89851	0.00126324	-0.26154	-0.272227
ELMOD1	chr11	107461817	107537505	107506492	107518193	0.840054	0.000508067	0.000283818	2.06964	0.00851835	-1.11631	0.32434
RDX	chr11	110045605	110167437	110045960	110066285	-1.34801	0.000776657	0.00197706	2.97674	0.00105501	-0.820317	-1.20138
RDX	chr11	110045605	110167437	110070404	110100165	-0.565995	0.0198778	0.0294272	5.65357	2.2204e-06	-0.588117	-0.56824
NXPE1	chr11	114392437	114430617	114398624	114400896	-1.27148	0.000851164	0.00205479	2.27806	0.00527154	0.120662	-0.885075
NXPE1	chr11	114392437	114430617	114423603	114430519	-0.897016	0.000801379	0.00149234	2.43361	0.0036846	0.0952873	-2.04596
IL10RA	chr11	117857106	117872199	117857250	117857398	-0.517487	4.80968	6.88486	2.74557	0.00179649	-0.761292	-0.62247
USP2	chr11	119225925	119252436	119234893	119243416	1.77306	0.00220841	0.000646152	2.76712	0.00170953	-3.1501	-0.194442
OAF	chr11	120081747	120100650	120082219	120096369	0.936374	0.0436098	0.0227881	3.65205	0.000222819	-0.323606	-0.251559
KIRREL3	chr11	126293396	126870766	126343362	126391209	1.04287	0.000456941	0.000221781	2.52078	0.00301455	-1.95622	0.215376
APLP2	chr11	129939716	130014706	129940643	129979323	0.632951	0.0528815	0.034101	2.31211	0.00487402	-0.739438	-0.704641
ATAD3C	chr1	1385069	1405538	1396298	1397979	-1.65827	0.00292935	0.00924611	2.08115	0.00829563	-1.48653	-0.189406
CALML6	chr1	1846266	1848733	1846747	1847123	0.829357	0.136331	0.0767242	2.42716	0.00373971	-0.84056	-0.879378
FAAP20	chr1	2115899	2144159	2137864	2137953	1.00947	0.0529741	0.0263138	2.77124	0.00169341	-0.852251	-0.994646
FAAP20	chr1	2115899	2144159	2138107	2138994	0.623728	0.031037	0.0201428	2.0398	0.00912422	-0.923752	-0.812155
MORN1	chr1	2252692	2323190	2284101	2286613	-0.706694	0.132296	0.215914	3.12438	0.000750974	-0.982366	-0.775427
MORN1	chr1	2252692	2323190	2286904	2288870	-0.827917	0.0593549	0.105362	2.5035	0.00313686	-1.04095	-0.92819
CAMTA1	chr1	6845384	7829766	7737794	7792507	1.41419	0.00783248	0.0029389	4.42346	3.77172e-05	-0.0794682	-0.147674
NPPA	chr1	11905767	11907840	11907497	11907618	-0.607161	0.97734	1.48874	3.38288	0.000414114	-0.361988	-0.368462
HSPB7	chr1	16340523	16345285	16342255	16343568	1.2	0.0134628	0.00586002	3.10523	0.000784825	-0.526143	-0.661337
CLCNKB	chr1	16370231	16383821	16372182	16373029	3.8594	0.00145143	0.0001	3.20534	0.000623253	-0.725515	-1.6314
SH2D5	chr1	21046225	21059133	21051129	21052412	-1.09839	0.00234257	0.00501579	2.48553	0.00326945	-1.24124	-0.794429
ECE1	chr1	21543740	21672034	21616983	21619782	0.390318	0.102134	0.0779246	3.1359	0.000731314	-0.931842	-0.979941
HSPG2	chr1	22148725	22263790	22179564	22180685	1.20965	0.351277	0.151883	3.75253	0.000176795	-0.528763	-0.537256
HSPG2	chr1	22148725	22263790	22181259	22181340	1.40987	0.403272	0.15177	3.58488	0.000260087	-0.527118	-0.594944
HSPG2	chr1	22148725	22263790	22181940	22182015	1.16485	0.334233	0.149072	2.47153	0.00337655	-0.973865	-1.05784
HSPG2	chr1	22148725	22263790	22182169	22182279	0.974028	0.271065	0.137995	2.41453	0.00385008	-0.7732	-0.73263
FNDC5	chr1	33327869	33338093	33336415	33337994	-3.69762	0.000811822	0.010533	2.23386	0.00583635	0.145829	-0.0187417
DNALI1	chr1	38022520	38032458	38025098	38027157	1.7764	0.0279368	0.00815504	5.06973	8.5167e-06	-1.22018	-0.890466
MFSD2A	chr1	40420784	40435640	40421058	40422758	0.688113	0.112804	0.0700134	2.87641	0.00132921	-0.822159	-1.082
CFAP57	chr1	43638001	43720029	43652531	43663223	0.998363	0.058692	0.0293793	2.83245	0.00147079	-0.782413	-0.83984
CFAP57	chr1	43638001	43720029	43676550	43680925	0.928202	0.00570687	0.00299904	2.15051	0.00707121	-0.530028	-0.662235
CCDC24	chr1	44457280	44462198	44457677	44457883	0.711354	0.59946	0.366118	2.18561	0.00652213	-0.492705	-0.538715
SKINTL	chr1	48567387	48648100	48594246	48625220	-0.342462	0.00187684	0.00237968	2.74557	0.00179649	-0.335437	0
AGBL4	chr1	48998527	50489626	49511473	49711441	-1.09057	0.000355926	0.000757973	4.92232	1.19587e-05	-0.761223	-4.47011
AGBL4	chr1	48998527	50489626	49734967	49839872	-0.420847	0.000464491	0.000621821	2.62838	0.00235299	0.00431494	-4.36753
CDKN2C	chr1	51434367	51440309	51435572	51435641	1.97024	0.0931775	0.0237798	3.51832	0.000303166	-0.552581	-0.681275
TM2D1	chr1	62146719	62191095	62147023	62149088	-0.248882	1.04152	1.23762	2.67069	0.00213455	-1.06908	-0.943895
PDE4B	chr1	66258193	66840262	66384519	66458298	-0.567522	0.000133755	0.000198222	2.04005	0.00911911	-0.724687	-2.40595
LRRC7	chr1	70225858	70589171	70257844	70291430	0.270721	0.000167761	0.000139058	2.11555	0.00766384	0.425974	0.974744
LINC01361	chr1	83439566	83451891	83444970	83450542	-0.894159	0.0913307	0.169741	3.07858	0.000834495	-0.994182	-0.992642
CLCA4	chr1	87012759	87046432	87036938	87038296	-0.709772	0.0217222	0.0355276	2.41214	0.00387131	-0.552296	-0.620923
GFI1	chr1	92940318	92952433	92949357	92951570	1.1916	0.0460553	0.0201638	4.29837	5.03073e-05	-0.782471	-0.941568
LINC01307	chr1	101789393	101842869	101815742	101842813	1.48627	0.00117012	0.000417658	3.96442	0.000108537	-1.39505	-0.731401
RAP1A	chr1	112162405	112259317	112162970	112170091	0.330937	0.0944592	0.0750969	2.0072	0.00983569	-0.775663	-0.812394
NBPF20	chr1	144146811	146467744	144179647	144180355	-0.516033	0.0451082	0.0645056	2.07204	0.00847159	-0.0381521	-0.0464567
NBPF20	chr1	144146811	146467744	144184425	144185133	-0.495869	0.0497965	0.0702216	2.03486	0.00922876	-0.0187049	-0.0329855
NBPF20	chr1	144146811	146467744	144189185	144189893	-0.640048	0.235031	0.366268	2.75636	0.00175244	-0.0479325	-0.0536658
NBPF20	chr1	144146811	146467744	144193933	144194641	-0.64318	0.045305	0.070756	2.77799	0.00166729	-0.178884	-0.188042
NBPF20	chr1	144146811	146467744	144201878	144202586	-0.639715	0.0454309	0.0707823	2.77799	0.00166729	-0.178417	-0.196663
NBPF20	chr1	144146811	146467744	144220960	144221668	-0.612485	0.445246	0.680733	2.71335	0.00193485	-0.00913039	-0.0202531
NBPF20	chr1	144146811	146467744	144341078	144341669	0.407689	1.12502	0.848073	2.8106	0.00154668	-0.0174804	-0.0202549
NBPF9#1	chr1	144614959	145370304	145318227	145318935	-0.533381	3.71692	5.37957	2.95417	0.00111131	-0.377254	-0.33998
NBPF9#1	chr1	144614959	145370304	145322945	145323653	-0.512345	3.25347	4.64064	3.06709	0.000856851	-0.423783	-0.38742
NBPF9#1	chr1	144614959	145370304	145323706	145324347	-0.439189	1.32144	1.79167	2.62838	0.00235299	-0.880213	-0.846307
NBPF9#1	chr1	144614959	145370304	145332396	145333104	-0.534401	2.96278	4.29112	3.3709	0.000425696	-0.459369	-0.414832
NBPF9#1	chr1	144614959	145370304	145352037	145352684	-0.612529	1.83397	2.80403	3.07851	0.000834627	-0.683217	-0.594379
NBPF9#1	chr1	144614959	145370304	145356010	145362978	-0.363954	1.89564	2.4396	2.2826	0.00521676	-0.665402	-0.665376
NBPF25P#1	chr1	145289770	145370303	145322945	145323653	-0.512345	3.25347	4.64064	3.06709	0.000856851	-0.301059	-0.282918
NBPF25P#1	chr1	145289770	145370303	145323706	145324347	-0.439189	1.32144	1.79167	2.62838	0.00235299	-0.651974	-0.642618
NBPF25P#1	chr1	145289770	145370303	145332396	145333104	-0.534401	2.96278	4.29112	3.3709	0.000425696	-0.327475	-0.303694
NBPF25P#1	chr1	145289770	145370303	145341822	145342530	-0.500612	0.97649	1.38155	2.78884	0.00162615	-0.826306	-0.788887
NBPF25P#1	chr1	145289770	145370303	145346546	145347254	-0.495264	0.957383	1.34951	2.73481	0.00184157	-0.838806	-0.803244
NBPF25P#1	chr1	145289770	145370303	145351276	145351984	-0.474862	0.752424	1.04571	2.17603	0.00666763	-1.00243	-0.971932
NBPF25P#1	chr1	145289770	145370303	145352037	145352684	-0.612529	1.83397	2.80403	3.07851	0.000834627	-0.497387	-0.442078
NBPF25P#1	chr1	145289770	145370303	145356010	145362978	-0.363954	1.89564	2.4396	2.2826	0.00521676	-0.483634	-0.497865
NBPF10	chr1	145293371	146466121	145332396	145333104	-0.534401	2.96278	4.29112	3.3709	0.000425696	-0.228544	-0.191823
NBPF10	chr1	145293371	146466121	145337102	145337810	-0.487436	0.641714	0.899651	2.97658	0.00105541	-0.500288	-0.410581
NBPF10	chr1	145293371	146466121	145341822	145342530	-0.500612	0.97649	1.38155	2.78884	0.00162615	-0.362284	-0.295678
NBPF10	chr1	145293371	146466121	145342583	145343240	-0.502936	0.456505	0.64691	2.48299	0.00328857	-0.500508	-0.62861
NBPF10	chr1	145293371	146466121	145346546	145347254	-0.495264	0.957383	1.34951	2.73481	0.00184157	-0.371284	-0.305746
NBPF10	chr1	145293371	146466121	145347307	145347964	-0.558407	0.357267	0.526127	3.21716	0.000606519	-0.520701	-0.538952
NBPF10	chr1	145293371	146466121	145351276	145351984	-0.474862	0.752424	1.04571	2.17603	0.00666763	-0.834614	-0.725512
NBPF10	chr1	145293371	146466121	145352037	145352684	-0.612529	1.83397	2.80403	3.07851	0.000834627	-0.10605	-0.113384
NBPF25P#2	chr1	145827205	146467743	146046496	146046959	-0.388069	0.815582	1.0673	2.54479	0.00285243	-0.00872392	-0.000746132
NBPF25P#2	chr1	145827205	146467743	146047033	146048068	-0.350939	1.19309	1.52166	2.16647	0.00681603	-0.00596926	-0.000523384
NBPF25P#2	chr1	145827205	146467743	146048284	146049116	-0.296964	1.24807	1.53332	2.07204	0.00847159	-0.00570683	-0.000519402
NBPF25P#2	chr1	145827205	146467743	146055448	146057274	-0.277975	0.888006	1.0767	2.37172	0.00424897	-0.00801439	-0.000739622
NBPF25P#2	chr1	145827205	146467743	146074130	146082162	-0.259332	0.33442	0.400276	2.02562	0.00942725	-0.021184	-0.00198864
NBPF25P#2	chr1	145827205	146467743	146082634	146373856	-0.205395	0.191799	0.221145	2.48299	0.00328857	-0.0367372	-0.00359748
NBPF12	chr1	146373857	146467639	146454072	146454737	-0.38583	1.18122	1.54339	2.2826	0.00521676	-0.170565	-0.12099
NBPF9#2	chr1	148250249	148346929	148310973	148311624	-0.510445	0.124451	0.17728	2.30225	0.00498594	-0.777018	-0.788186
NBPF14	chr1	148250249	148346756	148310973	148311624	-0.519282	0.1306	0.187182	2.44223	0.0036122	-0.367589	-0.266362
HIST2H2BF	chr1	149754245	149783928	149764075	149783433	1.00879	0.0897978	0.0446262	3.27585	0.000529844	-0.757635	-0.781109
OAZ3	chr1	151735445	151743806	151739365	151739638	-0.534962	0.0687119	0.0995569	2.15698	0.00696666	-0.991368	-0.942573
TRIM46	chr1	155146263	155157447	155147749	155147861	-2.95919	0.00192697	0.0149857	2.10885	0.00778309	-0.594434	-1.18618
PAQR6	chr1	156213112	156217908	156217424	156217705	0.58131	0.178035	0.118991	2.2728	0.00533575	-0.964564	-0.970805
TSACC	chr1	156307105	156316785	156307341	156307467	0.850025	0.373299	0.207097	3.17061	0.000675136	-0.66619	-0.650058
TSACC	chr1	156307105	156316785	156307581	156307944	0.851535	0.259647	0.143895	3.95763	0.000110249	-0.882651	-0.863363
RHBG	chr1	156338980	156355013	156351993	156352538	3.92492	0.00151886	0.0001	3.57967	0.00026323	-0.751468	-2.42606
LRRC71	chr1	156890424	156902880	156894808	156896993	2.10462	0.000609737	0.000141772	2.67054	0.0021353	0.191004	1.64462
KIRREL	chr1	157963063	158070052	157963519	158045902	-0.659997	0.000270844	0.000427955	2.74718	0.00178988	-0.956208	-1.09075
VSIG8	chr1	159824106	159832447	159825138	159825672	0.709068	0.0200082	0.0122393	2.56959	0.00269409	-0.240788	-0.270825
VSIG8	chr1	159824106	159832447	159828703	159832262	0.792333	0.031123	0.0179707	2.03959	0.00912864	-0.907244	-1.4052
SLC9C2	chr1	173469604	173572233	173486844	173490439	0.606908	0.000682614	0.000448206	2.04312	0.00905478	-1.00101	-0.880736
TNR	chr1	175291935	175712752	175292613	175293491	-1.58828	0.042557	0.127965	2.45621	0.00349773	-0.975605	-0.950144
TNR	chr1	175291935	175712752	175299372	175304846	-1.39809	0.059639	0.15718	2.76716	0.00170937	-0.864335	-0.990666
RASAL2	chr1	178062864	178448648	178423784	178425834	1.57355	0.00724258	0.00243337	2.62883	0.00235055	-2.20704	-0.879694
RASAL2	chr1	178062864	178448648	178436557	178442209	1.37594	0.0130514	0.00502875	2.65081	0.00223455	-2.00275	-0.623481
KIAA1614	chr1	180882313	180915239	180887051	180897565	-0.571684	0.0121935	0.0181227	2.11899	0.00760351	-0.568968	-0.403724
RGSL1	chr1	182419256	182529732	182525358	182529413	-0.881533	0.00333582	0.00614569	3.32261	0.000475764	-0.979543	-0.990363
RGS21	chr1	192286122	192336414	192321344	192335050	-1.18653	0.000108189	0.000246245	2.18181	0.00657944	3.04952	0.524034
C1orf106	chr1	200860627	200884864	200860830	200863948	4.05943	0.00211142	0.000126638	6.56916	2.69673e-07	-0.993612	2.15553
LOC101929541	chr1	212386344	212458363	212403602	212407844	-1.40277	0.000357791	0.000946027	2.13142	0.00738884	0.317769	-3.08759
SPATA17	chr1	217804666	218041495	217975193	218036115	0.293482	0.000285951	0.000233316	2.90143	0.0012548	0.0261719	-3.25012
MIR548F3	chr1	218610975	219281452	218980530	219281428	-0.643049	0.000951154	0.00148535	3.4069	0.000391828	0	0
DNAH14	chr1	225117356	225586996	225288587	225305385	1.22825	0.00537127	0.00229264	3.13015	0.000741053	-1.61403	-0.286016
DNAH14	chr1	225117356	225586996	225306997	225328432	1.20952	0.00551853	0.00238629	3.01036	0.000976431	-3.22076	0
DNAH14	chr1	225117356	225586996	225328724	225332098	1.69757	0.00110559	0.000340858	3.11052	0.000775324	-2.03238	0.469252
DNAH14	chr1	225117356	225586996	225394923	225418774	2.06166	0.00174644	0.000418345	4.38144	4.15487e-05	-1.71375	-0.349423
DNAH14	chr1	225117356	225586996	225428525	225438357	0.604458	0.000785665	0.000516746	2.71356	0.00193391	-4.03761	-0.935988
DNAH14	chr1	225117356	225586996	225488733	225490857	2.69885	0.00173865	0.000267779	3.38288	0.000414116	-2.90166	0.644094
DNAH14	chr1	225117356	225586996	225519280	225520992	3.68924	0.0023475	0.000181984	4.31287	4.86549e-05	-2.32965	-0.915034
DNAH14	chr1	225117356	225586996	225525885	225528158	3.88817	0.00371149	0.000250665	3.98667	0.000103116	-1.96788	0.635305
PRSS38	chr1	228003418	228034171	228005182	228033170	0.699726	0.00110679	0.000681438	3.22539	0.000595134	-0.464808	-1.08027
WNT9A	chr1	228109165	228135676	228113221	228129290	2.04288	0.231871	0.0562703	4.34439	4.52487e-05	-0.654223	-0.595877
WNT3A	chr1	228194723	228248972	228210610	228238356	1.6003	0.00104146	0.000343483	2.3395	0.00457609	0.0177569	0.0852864
WNT3A	chr1	228194723	228248972	228238623	228246686	1.71939	0.00615299	0.00186852	3.16545	0.000683198	-0.653676	-1.2328
LOC101927787	chr1	234782035	234796670	234782252	234790971	0.736628	0.00392957	0.00235829	2.90462	0.00124561	-0.403863	-0.863145
PLD5	chr1	242251689	242687998	242612785	242687389	2.54065	0.0211048	0.0036272	3.00473	0.000989165	-0.505164	-0.0782398
AKT3	chr1	243651535	244006886	243652443	243663020	-0.554865	0.165396	0.242971	4.16844	6.78511e-05	-0.783451	-0.75822
KIF26B	chr1	245318287	245866428	245809583	245847534	-1.41566	0.00878098	0.0234261	6.25535	5.55453e-07	-0.49094	-0.552857
KIF26B	chr1	245318287	245866428	245852110	245861407	-1.55306	0.00561173	0.016467	2.82158	0.00150808	-0.900556	-1.36516
LOC101928272	chr10	9239329	9337556	9329020	9336312	0.606744	0.000166278	0.000109191	2.45077	0.00354182	-0.896713	3.31435
USP6NL#1	chr10	11502509	11653788	11574280	11606122	-0.585311	0.0884279	0.132674	5.55242	2.80274e-06	-0.652451	-0.85995
ECHDC3	chr10	11784356	11806065	11784746	11789347	-0.65085	0.0411511	0.0646111	2.75636	0.00175244	-0.306462	-0.143182
MALRD1	chr10	19337700	20023407	19377115	19392907	-0.762153	0.00733709	0.0124439	5.86657	1.35967e-06	0	0
BMI1	chr10	22610139	22620414	22610626	22615359	-0.587176	0.424136	0.637181	3.60225	0.00024989	-0.98588	-0.904109
GPR158	chr10	25464290	25891157	25465252	25509980	0.58062	0.000699707	0.000467877	2.58669	0.00259004	-0.257056	-0.507719
GAD2	chr10	26505236	26593491	26505815	26506538	2.15097	0.00399725	0.000900028	4.1221	7.54914e-05	-0.672005	0.0381988
GAD2	chr10	26505236	26593491	26590049	26592962	2.23874	0.00758841	0.00160776	6.34046	4.56607e-07	-1.04823	-0.8864
LINC00202-2	chr10	26932037	26942383	26937212	26937879	-0.734974	0.0414807	0.0690392	2.10077	0.00792919	-0.416307	-0.371489
ANKRD30BP3	chr10	45650110	45681489	45659537	45666871	-1.23261	0.00234604	0.00551302	4.75666	1.75122e-05	-0.274765	-0.033446
ANKRD30BP3	chr10	45650110	45681489	45666993	45667260	-2.61734	0.000945937	0.00580445	2.05042	0.0089039	-1.59434	-0.970937
ANKRD30BP3	chr10	45650110	45681489	45670079	45680731	-1.38604	0.00484225	0.0126557	6.0433	9.05101e-07	-0.987747	-0.657241
FAM35BP	chr10	46897641	46939145	46934888	46938167	-0.282497	0.0787352	0.0957655	2.37172	0.00424897	-0.909597	-0.782581
ARHGAP22	chr10	49654068	49864310	49659184	49661346	-1.06167	0.0137214	0.0286414	2.45579	0.00350113	-0.733361	-0.895689
ARHGAP22	chr10	49654068	49864310	49701693	49763507	-1.28979	0.000842557	0.00205999	2.7307	0.00185907	-0.659708	-1.3894
NPFFR1	chr10	72014713	72043450	72015584	72020395	0.920663	0.000453638	0.000239641	2.23844	0.00577512	-0.475993	0.589273
SYNPO2L	chr10	75404639	75415863	75408638	75410665	0.744952	0.012126	0.00723541	2.27705	0.00528381	-0.397458	-0.572791
DUPD1	chr10	76797594	76818272	76803776	76818072	2.52528	0.034511	0.00599476	4.3371	4.6015e-05	-0.885072	-1.04588
CDHR1	chr10	85954391	85979376	85954572	85955249	2.61411	0.0203316	0.00332082	6.6088	2.46149e-07	-0.59838	-0.421466
LRIT1	chr10	85991276	86001217	85994135	85996975	1.21232	0.000381856	0.0001648	2.76296	0.00172598	-0.650495	1.23206
LINC00865	chr10	91589250	91600618	91590062	91594957	0.778149	0.00166765	0.000972432	2.90248	0.00125175	-0.93783	-1.11004
LINC00865	chr10	91589250	91600618	91595015	91596974	0.973664	0.0275542	0.0140309	3.91867	0.000120594	-0.886839	-1.13398
LINC01375	chr10	91675246	91717130	91676529	91715631	0.959311	0.0129796	0.00667546	3.63952	0.000229338	-0.861606	-0.871489
CYP26C1	chr10	94821021	94828454	94824294	94825712	-1.23726	0.00476033	0.0112225	2.17625	0.00666426	-1.15985	-0.942932
CYP26C1	chr10	94821021	94828454	94826043	94828076	-1.40589	0.00402674	0.0106701	3.95747	0.000110288	-0.180244	-0.155747
CYP26A1	chr10	94833232	94837641	94835065	94835582	-1.22775	0.00589506	0.0138063	3.03568	0.000921119	-1.34537	-0.952547
CCNJ	chr10	97803159	97820625	97803477	97804109	-0.524853	0.0217332	0.0312695	2.29694	0.00504736	-0.435247	-0.077331
LOXL4	chr10	100007443	100028007	100015497	100016536	-0.601996	0.0241964	0.0367257	2.29266	0.00509726	-0.792802	-0.777336
LOXL4	chr10	100007443	100028007	100022809	100027888	-0.56471	0.0134291	0.0198629	3.3232	0.000475115	-1.20738	-0.980055
PAX2	chr10	102495466	102589698	102584742	102586765	3.30207	0.0023798	0.000241277	2.60083	0.00250707	-0.715713	0.701005
KCNIP2	chr10	103585731	103603677	103599612	103603252	-0.582796	0.0248084	0.0371568	2.01639	0.00962954	-0.638962	-0.761644
NEURL1	chr10	105253735	105352309	105331580	105344292	0.832002	0.040883	0.022966	3.85433	0.000139852	-0.550071	-1.44071
NEURL1	chr10	105253735	105352309	105344983	105349270	0.837398	0.251792	0.140916	3.45522	0.000350577	-0.250049	-0.170025
MXI1	chr10	111967363	112047123	111970074	111985761	-0.478304	0.0167905	0.023391	2.33189	0.00465699	-0.739546	-0.587411
VWA2	chr10	115999013	116054259	116050125	116050976	1.16789	0.011731	0.00522113	2.57012	0.00269076	-0.457671	-0.318038
TPO	chr2	1417233	1546499	1488627	1491592	1.29282	0.000623231	0.000254374	2.08861	0.00815435	0.161113	0.608193
COLEC11	chr2	3642422	3692234	3642759	3649495	1.25852	0.00231265	0.000966625	2.06561	0.00859788	-0.49855	-0.327833
DCDC2C	chr2	3751182	3895000	3756191	3774592	1.04879	0.000231548	0.000111924	2.14426	0.00717373	0.517649	2.60196
GREB1	chr2	11674242	11782912	11682944	11696579	0.497915	0.000513531	0.000363647	2.55233	0.00280327	-1.90723	0.188964
LOC100506457	chr2	12147242	12718474	12223744	12246943	0.381664	0.0103941	0.00797798	2.11204	0.00772608	-1.03295	-0.934863
TRIM54	chr2	27505297	27530307	27522285	27522397	4.58722	0.00240376	0.0001	2.10553	0.0078427	-0.649449	-2.28464
LOC100505716	chr2	28530558	28533326	28532442	28532803	-0.305399	0.171272	0.211652	3.31135	0.000488259	-1.00347	-0.9258
PLB1	chr2	28718938	28866653	28772952	28775794	1.66858	0.000534677	0.000168189	2.54203	0.00287057	0.212317	-2.76202
ALK	chr2	29415640	30144477	29419727	29420407	1.72209	0.00510711	0.00154802	2.23216	0.00585919	-0.654787	-1.00827
FSHR	chr2	49189296	49381666	49217777	49244627	-0.63286	0.000793651	0.00123066	3.47952	0.000331495	0.00889466	-1.27221
LINC00309	chr2	64412213	64432619	64416267	64419489	0.986185	0.120042	0.0605987	2.09075	0.00811425	-0.344264	-0.342127
LINC00309	chr2	64412213	64432619	64428493	64430126	0.829696	0.32222	0.181296	2.0072	0.00983569	-0.402036	-0.400391
SPRED2	chr2	65537985	65659656	65593932	65659095	1.13218	0.00372224	0.00169819	2.28265	0.00521616	-0.635967	-0.865606
LOC102800447	chr2	67313578	67516376	67492325	67495615	1.43544	0.000848797	0.00031383	2.33152	0.00466099	-0.961357	-2.58817
SMYD5	chr2	73441366	73454355	73441491	73445988	-0.272378	0.634416	0.766246	3.25231	0.000559361	-0.617634	-0.586907
C2orf81	chr2	74641303	74644844	74642746	74642835	0.648627	0.95464	0.608952	2.30225	0.00498594	-0.442711	-0.454708
C2orf81	chr2	74641303	74644844	74643055	74643137	0.915164	0.785966	0.416785	2.61787	0.00241063	-0.911938	-0.982464
DQX1	chr2	74745258	74753408	74750142	74750245	1.10441	0.0399704	0.0185899	2.0108	0.00975433	-0.816045	-0.997713
CTNNA2	chr2	79740060	80875988	79878785	79971512	-0.525116	0.000527489	0.000759083	2.07266	0.0084595	0.00867466	0.0051806
TCF7L1	chr2	85360583	85537511	85532527	85533328	0.746687	0.0144204	0.00859413	2.82922	0.00148176	-0.47888	-1.26627
UNC50	chr2	99225042	99234977	99225190	99226218	-0.264604	0.989074	1.18818	2.17603	0.00666763	-0.684975	-0.662004
NMS	chr2	101086944	101099742	101090002	101093705	-3.68526	0.00015298	0.00196792	3.12813	0.000744516	1.40276	-2.34076
LOC100287010	chr2	104995308	105024790	104996198	105010282	0.860207	0.000278095	0.000153195	2.52194	0.00300647	-0.246024	-0.538803
SULT1C2	chr2	108905095	108926371	108917392	108921029	-1.56661	0.0001438	0.000425947	2.10831	0.00779279	1.56272	0.279421
ACOXL	chr2	111490150	111875799	111691220	111744684	-0.270291	0.0103354	0.012465	2.60735	0.00246973	0	-0.090526
ACOXL	chr2	111490150	111875799	111753582	111789203	0.434448	0.00150692	0.00111509	2.29777	0.00503771	-0.809613	-0.586651
DPP10	chr2	115199899	116602326	116548933	116572368	0.448063	0.0011036	0.00080897	2.06272	0.00865526	0	0.00638329
CFAP221	chr2	120302008	120414237	120404627	120409549	0.49939	0.00026419	0.00018689	2.0626	0.00865768	-1.94275	1.07558
MYO7B	chr2	128293378	128395303	128317316	128321727	2.54607	0.00463583	0.000793751	3.6805	0.000208691	0.00761042	0.0904072
ZRANB3	chr2	135954539	136288806	136028966	136029337	1.36458	0.00210417	0.000817148	2.0626	0.00865768	-0.593132	-1.49176
ACVR2A	chr2	148602086	148688396	148602276	148602563	1.18554	0.0540018	0.0237424	4.88524	1.30246e-05	-0.0794605	-0.106237
LYPD6B	chr2	149894981	150071772	150017350	150061766	-2.42035	0.000350319	0.00187526	4.63485	2.31822e-05	0.162048	-2.91911
PLA2R1	chr2	160797260	160919126	160826724	160832578	1.08107	0.000221472	0.000104685	2.84636	0.00142444	0.626846	4.01605
SLC4A10	chr2	162480845	162841786	162627565	162660958	1.46298	0.000275678	0.0001	2.83551	0.00146046	-9.7538	4.70949
SLC4A10	chr2	162480845	162841786	162696438	162711479	3.00619	0.00100077	0.00012456	3.20225	0.000627704	-7.83152	1.97416
SLC4A10	chr2	162480845	162841786	162728895	162730425	5.0058	0.00553966	0.00017242	2.04119	0.00909511	-5.64909	1.18202
SLC4A10	chr2	162480845	162841786	162738955	162751188	1.60958	0.000479027	0.000156974	2.17588	0.00666998	-8.82646	1.06881
SLC4A10	chr2	162480845	162841786	162834271	162839688	5.28089	0.0728391	0.00187352	2.87066	0.00134692	-2.1811	-0.842183
SLC38A11	chr2	165754709	165812035	165768259	165771621	-0.687853	0.00616823	0.0099363	2.24693	0.00566331	-1.28499	-0.674278
SCN2A	chr2	166095912	166248820	166150646	166152282	1.16438	0.00121762	0.000543246	2.04092	0.00910084	-0.869323	-2.28942
SCN2A	chr2	166095912	166248820	166165954	166166832	1.3476	0.00648387	0.0025478	2.08302	0.00825992	-1.41793	-0.704468
LOC101926913	chr2	171556878	171627276	171574499	171580013	0.898364	0.000290731	0.000155975	2.71168	0.00194232	0.402187	1.34659
MIR548N	chr2	179246805	179541009	179350485	179355385	0.431778	0.0217985	0.0161603	2.58641	0.00259173	0	-0.604966
MIR548N	chr2	179246805	179541009	179401971	179402068	-0.478518	0.15464	0.215462	2.16648	0.00681585	0	-0.0552731
LOC101927431	chr2	195595319	195626159	195609423	195623893	0.778815	0.00363625	0.00211937	3.31482	0.000484374	-0.983252	-1.88407
DNAH7	chr2	196602427	196933536	196605594	196619060	-0.417784	0.0856443	0.11441	2.84341	0.00143415	-0.673548	-0.840065
DNAH7	chr2	196602427	196933536	196621010	196636383	-0.508289	0.0493531	0.0701979	2.09075	0.00811425	-0.595258	-0.660673
BOLL	chr2	198591603	198651036	198593303	198607784	-0.629053	0.0187077	0.0289323	2.66008	0.00218735	-0.351379	-0.27566
LOC101927641	chr2	200472791	200523855	200489320	200493786	0.988824	0.000324286	0.000163404	2.08217	0.00827615	0.426085	1.32573
ALS2CR12	chr2	202152994	202222121	202153505	202154179	-0.545989	0.360916	0.526945	2.77799	0.00166729	-0.977185	-0.9899
CPS1	chr2	211342406	211543832	211515163	211518748	-1.66373	0.00013744	0.000435456	2.31041	0.00489319	1.78511	-3.19781
OBSL1	chr2	220415450	220436268	220423182	220423946	1.31818	0.00180436	0.00072362	2.15613	0.00698018	-0.531054	-1.27991
LOC654841	chr2	228085768	228189880	228093349	228102683	-0.879293	0.00945589	0.0173938	4.86372	1.3686e-05	-0.905777	-1.03506
LOC654841	chr2	228085768	228189880	228109081	228109666	-0.870134	0.0887167	0.162159	5.01189	9.72993e-06	-0.428284	-0.376373
LOC654841	chr2	228085768	228189880	228109712	228110669	-0.757392	0.0326549	0.0552009	3.42566	0.000375269	-0.955378	-0.907399
LOC654841	chr2	228085768	228189880	228116088	228118011	-0.839873	0.0274872	0.0491991	5.03887	9.14382e-06	-1.08128	-0.987335
LOC654841	chr2	228085768	228189880	228118054	228118276	-0.807931	0.0630613	0.110401	4.12981	7.41631e-05	-0.571712	-0.523879
LOC654841	chr2	228085768	228189880	228119432	228120741	-0.68061	0.0937025	0.150188	3.54062	0.000287989	-0.408545	-0.402566
LOC654841	chr2	228085768	228189880	228120787	228121058	-0.905641	0.133247	0.249622	4.7012	1.98977e-05	-0.298783	-0.25537
LOC654841	chr2	228085768	228189880	228121113	228122318	-0.864779	0.0872461	0.15888	3.86725	0.000135752	-0.434637	-0.383206
LOC654841	chr2	228085768	228189880	228122361	228123893	-0.785132	0.049879	0.0859539	4.70601	1.96784e-05	-0.691578	-0.643729
LOC654841	chr2	228085768	228189880	228145307	228145608	-0.811796	0.094203	0.165364	3.51777	0.000303551	-0.619686	-0.594563
LOC654841	chr2	228085768	228189880	228153965	228154714	-0.673928	0.194827	0.310829	3.42003	0.000380163	-0.613289	-0.518704
LOC654841	chr2	228085768	228189880	228154805	228155462	-0.725414	0.220987	0.365374	3.73424	0.000184399	-0.552902	-0.452154
LOC654841	chr2	228085768	228189880	228155603	228157906	-0.679207	0.848211	1.35821	3.7146	0.00019293	-0.165673	-0.136217
LOC654841	chr2	228085768	228189880	228158034	228159205	-0.686275	1.05675	1.70045	3.74615	0.000179413	-0.13445	-0.109814
LOC654841	chr2	228085768	228189880	228159287	228159679	-0.655675	1.01223	1.59462	3.31141	0.000488196	-0.14008	-0.116816
LOC654841	chr2	228085768	228189880	228159779	228159984	-0.731446	0.472723	0.784864	3.7416	0.000181303	-0.284895	-0.228171
LOC654841	chr2	228085768	228189880	228160033	228162389	-0.639406	0.402664	0.627225	3.49168	0.000322345	-0.329231	-0.280263
LOC654841	chr2	228085768	228189880	228162576	228163397	-0.616973	0.130128	0.199571	3.15936	0.000692855	-0.842481	-0.743207
LOC654841	chr2	228085768	228189880	228163529	228167753	-0.735942	0.2437	0.405878	4.67762	2.10076e-05	-0.509489	-0.412894
LOC654841	chr2	228085768	228189880	228167827	228168574	-0.814464	0.267041	0.469631	4.98773	1.02866e-05	-0.471454	-0.363304
LOC654841	chr2	228085768	228189880	228168647	228168734	-0.767816	0.264866	0.450985	3.30357	0.000497086	-0.474695	-0.376517
LOC654841	chr2	228085768	228189880	228168861	228169700	-0.783997	0.492642	0.848278	4.57899	2.63637e-05	-0.274428	-0.212313
LOC654841	chr2	228085768	228189880	228169800	228170175	-0.658021	0.177135	0.279505	3.7917	0.000161549	-0.662332	-0.566731
LOC654841	chr2	228085768	228189880	228173793	228173919	-0.595035	0.182693	0.275959	2.72738	0.00187336	-0.907434	-0.961223
LOC654841	chr2	228085768	228189880	228174035	228175491	-0.744522	0.168448	0.282221	3.82916	0.000148196	-0.963351	-0.945575
CHRND	chr2	233390870	233401375	233396367	233398640	0.972056	0.00895884	0.00456703	2.58112	0.00262351	-1.32881	-0.985966
UGT1A7	chr2	234590584	234681945	234638640	234651395	-0.299056	0.000472433	0.000581253	2.12945	0.00742243	-0.689822	-0.982674
UGT1A6	chr2	234600321	234681951	234638640	234651395	-0.299056	0.000472433	0.000581253	2.12945	0.00742243	-0.0926731	-1.2958
UGT1A5	chr2	234621638	234681945	234638640	234651395	-0.299056	0.000472433	0.000581253	2.12945	0.00742243	-0.103476	-0.243908
UGT1A4	chr2	234627438	234681945	234638640	234651395	-0.299056	0.000472433	0.000581253	2.12945	0.00742243	-1.18624	-0.541411
UGT1A3	chr2	234637773	234681945	234638640	234651395	-0.299056	0.000472433	0.000581253	2.12945	0.00742243	-0.553523	-0.899382
FAM132B	chr2	239067649	239077532	239071480	239072377	1.65699	0.00162875	0.000516479	2.71168	0.00194232	-0.227437	-0.773194
KIF1A	chr2	241653181	241759725	241656824	241657466	2.92743	0.000760755	0.0001	2.46932	0.00339376	-0.447024	-2.26292
SNED1	chr2	241938255	242033643	241992744	242002207	-1.03939	2.26422	4.65378	6.04316	9.054e-07	-0.737338	-0.79866
PIGQ	chr16	619968	634136	620097	624065	0.399156	0.0345849	0.0262258	2.03486	0.00922876	-1.19203	-0.630958
MEIOB	chr16	1883984	1922179	1907932	1910403	1.84777	0.000932891	0.000259176	3.13448	0.000733698	-1.25276	0.579314
E4F1	chr16	2273489	2285743	2273772	2278372	0.245922	0.337795	0.284855	2.06271	0.00865548	-0.291043	-0.258827
ABCA17P	chr16	2390923	2476700	2391375	2411116	0.932258	0.00683258	0.00358053	5.63012	2.3436e-06	-0.967452	-1.02609
SMIM22	chr16	4838398	4846492	4838773	4844952	0.964638	0.00573024	0.00293622	2.9319	0.00116976	-0.776382	-0.652005
MYH11	chr16	15796992	15950887	15878576	15880486	1.33904	0.000725743	0.000286874	2.03343	0.00925909	0.158723	0.577576
DNAH3	chr16	20944433	21170762	21123420	21128523	-2.15056	0.00256367	0.0113827	9.36572	4.30805e-10	0.0221297	0.000226348
DNAH3	chr16	20944433	21170762	21156728	21157304	-1.65774	0.00658636	0.0207814	4.3427	4.54252e-05	-0.901832	-0.928542
ZP2	chr16	21208773	21225831	21211200	21212689	-1.66748	0.00064475	0.00204811	2.70889	0.00195484	0.204901	-0.646986
ATP2A1	chr16	28889809	28915830	28890111	28890419	0.65348	0.0778655	0.0495026	2.10967	0.00776844	-0.718688	-0.876788
ZNF48	chr16	30389633	30411429	30391355	30392447	-0.283082	3.49466	4.25228	2.33189	0.00465699	-0.48159	-0.392791
ZNF48	chr16	30389633	30411429	30392566	30392659	-0.31057	2.26622	2.81056	2.46257	0.00344693	-0.688039	-0.559201
ABCC12	chr16	48116884	48180681	48130814	48134782	1.13873	0.000307838	0.000139807	2.22799	0.0059158	-1.57399	1.68838
MIR548AE2	chr16	48274603	48420559	48286277	48290489	0.410693	0.0186634	0.0140398	2.45239	0.00352868	0	0
SNX20	chr16	50700211	50715264	50705551	50706885	0.403234	3.21902	2.4341	4.34389	4.53009e-05	-0.221319	-0.224703
TEPP	chr16	58010339	58022017	58011944	58018206	0.874343	0.00115834	0.000631876	2.37479	0.00421903	-0.575659	-0.43564
HSF4	chr16	67197288	67203848	67198838	67199424	0.691601	0.145005	0.0897822	2.29242	0.00510017	-0.255311	-0.213127
DPEP2	chr16	68021293	68033421	68027161	68033277	-0.360039	3.97908	5.10699	2.0072	0.00983569	-0.827472	-0.841323
HYDIN	chr16	70841287	71264625	70843911	70852244	1.61447	0.00104204	0.000340317	2.28074	0.00523908	-0.627913	0.330323
CHST4	chr16	71560023	71572493	71560399	71570562	-0.586635	0.00113331	0.00170193	2.07386	0.00843601	-0.400202	-0.731371
MON1B	chr16	77224816	77233543	77225156	77225372	-0.237073	1.01226	1.19305	2.54479	0.00285243	-0.564858	-0.574502
SPIRE2	chr16	89894907	89937727	89895203	89911729	1.05669	0.00734029	0.00352872	3.91872	0.00012058	-0.0436454	-0.272674
AFG3L1P	chr16	90038988	90067195	90039241	90044012	0.391965	0.981864	0.748269	2.73481	0.00184157	-0.567558	-0.579197
GAS8	chr16	90086037	90111379	90086540	90089007	1.87469	0.0266086	0.00725579	7.29104	5.11629e-08	-0.782283	-1.04631
GET4	chr7	916191	936071	916438	925692	-0.249073	0.484631	0.575956	2.0072	0.00983569	-1.192	-0.832751
TMEM184A	chr7	1581871	1596066	1587576	1588154	1.04643	0.031938	0.0154632	2.1342	0.00734169	-0.95809	-0.894869
RSPH10B2#2	chr7	6793740	6838396	6831629	6836198	-0.553072	0.0961091	0.141012	2.01639	0.00962954	-0.483953	-0.350247
RSPH10B#2	chr7	6793740	6838396	6831629	6836198	-0.553072	0.0961091	0.141012	2.01639	0.00962954	-0.483953	-0.350247
HDAC9	chr7	18126572	19036992	18166933	18201851	0.472273	0.000907381	0.000654066	2.29243	0.00510002	0	-0.616633
C7orf71	chr7	26677490	26686889	26680384	26685918	-0.599679	0.0590553	0.0894912	3.55289	0.000279969	-0.265304	-0.128857
HOXA3	chr7	27145809	27166639	27148340	27149733	-1.09831	0.00512735	0.0109778	2.14732	0.00712333	-0.873173	-0.890269
FKBP9	chr7	32997016	33046543	32997407	33003155	0.705617	0.00100344	0.000615291	2.26005	0.00549483	-2.56804	-0.697177
DPY19L2P1	chr7	35120899	35225774	35161221	35163609	-0.96086	0.00824744	0.0160534	4.27646	5.29099e-05	-1.4317	-0.216684
LOC100507468	chr7	69061124	69062481	69061420	69062219	1.09885	0.0031706	0.00148032	2.26656	0.00541307	-0.854134	-1.14232
WBSCR17	chr7	70597523	71178586	70800720	70853220	-0.346804	0.000159274	0.000202555	2.1351	0.00732658	0.314291	0.138729
PMS2P5#1	chr7	72476619	72520245	72492688	72492809	-0.257513	1.47282	1.76063	2.0534	0.00884294	-1.03815	-0.867978
SPDYE8P#1	chr7	72490260	72500309	72492688	72492809	-0.257513	1.47282	1.76063	2.0534	0.00884294	-0.882584	-0.872117
GTF2IRD1	chr7	73868120	74016920	73868507	73922404	1.37937	0.00320179	0.00123073	4.24896	5.63695e-05	-0.595275	-0.976174
PMS2P5#3	chr7	74702377	74988276	74944038	74944159	-0.262296	1.4782	1.77293	2.01639	0.00962954	-0.783808	-0.753133
SPDYE8P#2	chr7	74936533	74946587	74944038	74944159	-0.262296	1.4782	1.77293	2.01639	0.00962954	-0.961786	-0.939408
SSC4D	chr7	76018646	76039012	76033823	76038730	0.881744	0.00423414	0.00229791	2.7021	0.00198566	-0.810908	-0.98842
ZP3	chr7	76026841	76071388	76033823	76038730	0.891437	0.00402732	0.00217103	2.75591	0.00175423	-1.32518	-0.859956
SEMA3A	chr7	83587659	83824217	83689875	83739785	-0.436132	0.00161549	0.00218571	2.35176	0.00444874	0	-0.268883
PPP1R9A	chr7	94536949	94925727	94833043	94855272	3.03213	0.0232136	0.00283779	7.24912	5.63488e-08	-1.17721	-0.38549
PON1	chr7	94927669	94953884	94931646	94935596	2.95715	0.0432773	0.00557274	7.48937	3.2406e-08	-0.986427	-0.485569
PON1	chr7	94927669	94953884	94940890	94944633	2.51529	0.0258496	0.00452142	6.68358	2.07212e-07	-0.982502	-0.822924
PON1	chr7	94927669	94953884	94944803	94946045	2.61289	0.00811057	0.00132585	5.4228	3.7775e-06	-1.00128	-0.602828
PON1	chr7	94927669	94953884	94946102	94947634	2.51903	0.00468683	0.000817662	4.61142	2.44668e-05	-2.30364	-0.871592
PON1	chr7	94927669	94953884	94947706	94953713	1.86685	0.00637755	0.00174855	5.89467	1.27448e-06	-0.848647	0.0694183
NYAP1	chr7	100081550	100092424	100081625	100082850	1.18734	0.00723697	0.00317784	2.81013	0.00154834	-0.155576	-0.485322
ACTL6B	chr7	100240726	100254084	100246286	100246351	1.46362	0.0307931	0.0111651	2.25178	0.00560035	-0.83285	-0.75603
SH2B2	chr7	101928353	101962178	101928550	101936368	-0.699551	0.087972	0.142866	3.65197	0.000222861	-0.57338	-0.41189
SH2B2	chr7	101928353	101962178	101936454	101943805	-0.674767	0.183999	0.293725	3.5161	0.000304721	-0.302548	-0.215018
FOXP2	chr7	113726365	114333827	113928165	114055051	0.661904	0.000168228	0.000106327	2.01476	0.0096659	-5.19846	1.17701
LINC01393	chr7	114719012	114766368	114719164	114758786	-0.352942	0.00464797	0.00593622	2.97658	0.00105541	-0.171003	-0.277746
TFEC	chr7	115575202	115670867	115580986	115581946	-3.44326	0.196868	2.1414	4.65916	2.19199e-05	-1.00311	-0.844377
LOC100130705	chr7	128506464	128512101	128506885	128508719	-1.00675	0.0781341	0.157001	5.93047	1.17363e-06	-0.819493	-0.530621
KCP	chr7	128516919	128550773	128517366	128517537	-2.13673	0.00962089	0.0423093	5.42285	3.77703e-06	-0.980551	-1.00581
CPA5	chr7	129984630	130008571	129989951	129999429	1.50225	0.0029599	0.00104485	3.12961	0.00074198	0.0107392	-0.259545
CPA5	chr7	129984630	130008571	129999529	130000983	1.54114	0.00420499	0.00144489	2.79805	0.00159204	-0.561818	-0.545476
CPA5	chr7	129984630	130008571	130001086	130002278	1.44078	0.0143872	0.0052998	3.92915	0.000117721	-1.4031	-0.806932
CPA5	chr7	129984630	130008571	130003351	130007212	1.70595	0.0199341	0.00611017	4.70171	1.98743e-05	-1.04215	-0.969538
CHCHD3	chr7	132469623	132766828	132719676	132754901	-0.161074	4.18296	4.67705	2.04412	0.00903401	-0.741596	-0.670279
CNTNAP2	chr7	145813453	148118088	147926872	147964124	-0.753223	0.00228844	0.00385728	2.11019	0.00775915	-0.220225	0.000668045
CNTNAP2	chr7	145813453	148118088	148026860	148043899	-0.82841	0.0735053	0.130525	3.0557	0.000879622	-0.969127	-0.91241
CNTNAP2	chr7	145813453	148118088	148043928	148080740	-0.777214	0.093328	0.159947	2.06271	0.00865548	-0.810856	-0.782334
MIR548T	chr7	147626685	148043927	147926872	147964124	-0.741478	0.00218592	0.00365461	2.11019	0.00775915	0.00826104	0.000705102
MIR548T	chr7	147626685	148043927	147964219	148026855	0.198402	0.00557187	0.00485597	2.40685	0.00391874	0.000631662	0.000530629
ZNF783	chr7	148959262	148982085	148959449	148963425	-0.223463	0.298887	0.34896	3.3232	0.000475115	-0.605193	-0.508853
LOC155060	chr7	148982372	148994403	148986549	148986638	-0.323154	1.48414	1.85675	2.10014	0.00794069	-0.720552	-0.719174
AOC1	chr7	150549565	150558379	150557722	150558030	1.19426	0.0254821	0.011136	2.06279	0.00865384	-0.903718	-1.02471
FGF22	chr19	639895	643703	640140	643234	-0.829238	0.0195362	0.0347108	2.51385	0.00306304	-0.069464	-0.0974785
MISP	chr19	751146	764318	760040	761624	-1.00185	0.00124384	0.00249087	2.15893	0.00693543	0.0606659	-0.168608
UHRF1	chr19	4903092	4962165	4903658	4909441	1.00982	0.551281	0.27377	6.84547	1.42734e-07	-0.618572	-0.598414
ARHGEF18	chr19	7459999	7537371	7535202	7535422	-0.38008	4.33006	5.6352	2.12844	0.00743978	-0.80724	-0.831349
CERS4	chr19	8274217	8327304	8274379	8275589	0.642355	0.0716859	0.0459268	2.59687	0.00253006	-0.776184	-0.779856
ZNF177	chr19	9473696	9493293	9473761	9475537	0.783725	0.191893	0.111464	2.13792	0.00727922	-0.757533	-0.616277
ICAM5	chr19	10400655	10407454	10400802	10401747	1.21784	0.00888292	0.00381901	3.36063	0.000435878	-0.197944	-0.21602
MAST1	chr19	12949259	12985766	12958265	12958425	4.53167	0.00231297	0.0001	2.46932	0.00339376	-0.337209	-1.38652
ARRDC2	chr19	18111941	18124911	18112383	18118976	-0.338831	1.44459	1.82702	2.69198	0.00203245	-0.173868	-0.137693
HOMER3	chr19	19040010	19052041	19051114	19051129	-2.63939	0.0744728	0.464018	3.20624	0.000621951	-1.09034	-0.746254
LOC101929144	chr19	23237625	23244067	23240023	23241266	1.40099	0.00141777	0.000536865	2.26099	0.00548289	0.0608304	-0.0467471
VSTM2B	chr19	30017491	30055226	30021198	30054752	0.751497	0.000267371	0.000158815	2.18499	0.00653149	-1.86313	0.525216
URI1	chr19	30414551	30507519	30414662	30433145	1.1501	0.00218536	0.000984708	3.13597	0.000731196	-0.214057	-0.443824
SLC7A10	chr19	33699570	33716756	33700392	33701372	2.10619	0.000943556	0.00021915	2.43062	0.00371007	0.128634	-0.132564
DMKN	chr19	35988119	36004560	35992814	35993037	1.50814	0.00812953	0.00285804	2.12032	0.00758014	-0.673159	-0.954378
LINC01529	chr19	36279778	36288811	36279977	36280072	1.26209	0.033151	0.0138219	2.27532	0.00530492	-0.986087	-0.912598
CATSPERG	chr19	38826443	38861589	38857953	38858148	0.856413	0.265131	0.146438	2.9096	0.0012314	-0.854218	-0.945544
RYR1	chr19	38924340	39078204	39014570	39015971	3.92875	0.00576067	0.000378268	2.05482	0.00881421	-2.84765	0.388427
CIC	chr19	42772689	42799948	42788924	42790922	-0.369847	0.911288	1.17758	2.44223	0.0036122	-0.623957	-0.713912
MAMSTR	chr19	49215979	49222976	49218704	49218881	2.98565	0.0082825	0.00104567	3.27139	0.000535319	-0.551083	-1.94643
TRPM4	chr19	49661016	49715098	49669473	49671173	0.861878	0.00783164	0.00430925	2.18385	0.00654861	-0.594651	-0.368728
RCN3	chr19	50030875	50046890	50031316	50031723	-0.625245	0.31463	0.485308	2.2826	0.00521676	-0.616748	-0.609908
IL4I1	chr19	50392913	50432796	50413142	50430950	0.316357	0.166793	0.133951	2.59687	0.00253006	-0.164897	-0.139031
KLK15	chr19	51328545	51334779	51330418	51330917	1.4241	0.00398405	0.00148466	2.64855	0.00224622	-0.516914	-1.35595
KLK3	chr19	51358171	51364020	51361852	51362785	2.2198	0.00262681	0.0005639	3.09404	0.000805312	-0.993602	0.248684
KLK2	chr19	51376689	51383823	51378223	51379727	1.52285	0.246164	0.0856644	7.97709	1.05418e-08	-0.0527366	-0.0273692
KLKP1	chr19	51385352	51399654	51391131	51398318	2.16793	0.00704221	0.0015671	2.15761	0.00695657	-1.05887	-0.978169
VSIG10L	chr19	51834795	51845378	51842397	51843268	1.0843	0.0196515	0.00926803	2.10905	0.00777952	-0.676852	-1.05834
ZNF677	chr19	53738638	53758111	53741811	53746996	0.723051	0.47074	0.285182	2.31706	0.00481878	-0.128385	-0.10888
ZNF471	chr19	57019212	57040269	57019290	57022885	2.2966	0.410891	0.0836338	7.01462	9.66899e-08	-0.293296	-0.312903
ZSCAN1	chr19	58545434	58565999	58545530	58547337	2.72469	0.0102826	0.00155556	2.47324	0.00336324	-0.152172	0.0660803
ZSCAN1	chr19	58545434	58565999	58547380	58549095	2.78943	0.0225716	0.00326484	2.80736	0.00155826	-1.59728	-0.342524
ZSCAN1	chr19	58545434	58565999	58549575	58551817	2.72985	0.0116692	0.00175904	3.75173	0.000177119	-0.519704	-0.676015
ZSCAN1	chr19	58545434	58565999	58551913	58563857	1.58688	0.013758	0.0045799	2.43209	0.00369751	-1.2862	-0.382912
ZSCAN1	chr19	58545434	58565999	58563997	58564796	2.27423	0.0123169	0.00254618	3.74876	0.000178336	-1.0864	-0.875125
SLC27A5	chr19	59009700	59023432	59011058	59011705	0.826551	0.0534859	0.0301594	2.75149	0.00177217	-0.780897	-1.00914
PDE6B	chr4	619363	664681	629759	646965	0.98968	0.00523083	0.00263419	2.43209	0.00369751	0	0.000978334
PDE6B	chr4	619363	664681	647109	647640	1.19376	0.126129	0.0551386	3.00748	0.00098293	-1.07099	-0.965692
PDE6B	chr4	619363	664681	648678	649728	1.07717	0.0915688	0.0433996	3.45524	0.000350562	-0.312991	-0.283871
CFAP99	chr4	2420672	2464690	2454074	2460449	0.818103	0.00274353	0.0015561	2.47439	0.00335437	-0.872779	-1.47266
WFS1	chr4	6271577	6304992	6271742	6279177	1.35991	0.000820369	0.000319621	2.63419	0.00232171	-0.650929	-3.04901
SLC2A9	chr4	9827848	10041872	10027631	10041753	-0.868817	0.00815045	0.0148841	2.18561	0.00652213	-0.971064	-0.629989
LOC101929095	chr4	15006566	15429538	15009220	15009961	0.550518	0.0730475	0.049875	2.43209	0.00369751	-0.520172	-0.363665
LOC101929095	chr4	15006566	15429538	15010052	15012116	0.44414	0.0877751	0.0645166	3.02166	0.000951344	-0.444969	-0.288805
LOC101929095	chr4	15006566	15429538	15376394	15429452	-0.37017	0.0013288	0.00171748	2.48299	0.00328857	0.00265051	-1.41067
CC2D2A	chr4	15471489	15603180	15483888	15504051	-0.405569	0.00535676	0.00709562	2.0534	0.00884294	-0.317027	-0.302385
CC2D2A	chr4	15471489	15603180	15504141	15504444	-1.10487	0.00899682	0.0193503	2.51127	0.00308129	-1.16444	-0.861936
CC2D2A	chr4	15471489	15603180	15534957	15538542	-0.467715	0.0272463	0.0376794	3.17059	0.000675164	-0.459514	-0.48329
TBC1D1	chr4	37892705	38140796	38112356	38113522	0.37066	0.162464	0.125654	2.29242	0.00510017	-0.979153	-0.957727
MIR1273H	chr4	39105520	39584819	39109352	39114639	-0.47748	0.0544619	0.0758277	2.33189	0.00465699	-0.320897	-0.550293
MIR1273H	chr4	39105520	39584819	39127854	39184023	-0.356394	0.115567	0.147952	2.10955	0.00777046	-0.160137	-0.308016
LOC344967	chr4	40044537	40058819	40046691	40058523	0.701423	0.0063338	0.00389506	3.67695	0.0002104	-0.742343	-0.581216
ZAR1	chr4	48492269	48496406	48493272	48494782	1.46527	0.00636058	0.0023036	2.02388	0.00946496	-0.0796	-0.0750356
UGT2B15	chr4	69512315	69536494	69513102	69519754	3.08791	0.00167392	0.000196871	8.09886	7.96418e-09	-0.518937	-1.00982
CXCL13	chr4	78432907	78532988	78432943	78526977	-0.484258	0.00686773	0.00960704	2.12844	0.00743978	-0.505853	0
FRAS1	chr4	78978724	79465423	79455770	79458148	1.79606	0.00034727	0.0001	2.10553	0.0078427	0.420518	-3.48583
TMEM150C	chr4	83405604	83483126	83411392	83417220	-0.332689	0.0469161	0.0590842	2.16647	0.00681603	-0.232629	-0.344085
UNC5C	chr4	96083656	96470361	96256783	96469884	1.22471	0.00380125	0.00162649	5.85826	1.38594e-06	-0.686987	-0.843803
LOC102723704	chr4	103698194	103720732	103699579	103699964	-0.511766	0.106595	0.151982	2.48299	0.00328857	-0.657336	-0.702677
CYP2U1	chr4	108852717	108874613	108853290	108866125	-0.351467	0.136078	0.173617	3.35894	0.000437579	-1.02728	-0.880322
ANK2	chr4	113739239	114304896	113970969	114028018	0.933707	0.000405197	0.000212125	3.58141	0.000262172	-0.398536	-1.91714
ANK2	chr4	113739239	114304896	114028112	114073437	0.560946	0.000216634	0.000146847	2.67083	0.0021339	-0.603416	-2.29953
ANK2	chr4	113739239	114304896	114280456	114281978	1.14137	0.00865592	0.00392398	2.15039	0.00707318	-1.02753	-0.980544
TRIM2	chr4	154074270	154260474	154125713	154178510	1.54589	0.0123488	0.00422926	4.31666	4.82328e-05	0.000128447	-0.0952742
ETFDH	chr4	159593253	159629865	159593643	159601618	-0.26093	0.256029	0.306787	2.03486	0.00922876	-0.874392	-0.914819
LOC101928551	chr4	175752879	175797115	175753038	175755999	-2.20022	0.0359161	0.165052	3.53156	0.000294063	-0.648334	-0.623891
ADAM29	chr4	175839509	175899331	175839623	175840080	-4.32143	0.000233804	0.00467445	3.13672	0.00072992	0.779119	-1.0237
ADAM29	chr4	175839509	175899331	175858165	175869318	-2.59736	0.00490182	0.0296647	7.56876	2.69926e-08	0.0159509	0.000608047
ENPP6	chr4	185009859	185139114	185039054	185045313	1.17168	0.000241138	0.000107042	2.53224	0.002936	-3.36224	3.60003
LOC574538	chr12	246577	258332	251800	252404	3.6464	0.00125221	0.0001	2.46932	0.00339376	-0.592387	-1.69156
CACNA1C	chr12	2162416	2807115	2775949	2778098	0.734217	0.0884348	0.0531621	3.39488	0.000402827	-0.141703	-0.179997
CACNA1C	chr12	2162416	2807115	2788963	2789528	0.784549	0.111291	0.0646083	2.31418	0.00485089	-0.760793	-0.898316
CACNA1C	chr12	2162416	2807115	2789742	2791115	0.64687	0.123185	0.0786737	2.5035	0.00313686	-0.76135	-0.788909
CACNA1C	chr12	2162416	2807115	2797946	2800065	0.762658	0.0543636	0.0320424	2.80569	0.00156425	-0.377747	-0.388462
NOP2	chr12	6666036	6677498	6667304	6669263	0.449599	0.137177	0.100447	2.71335	0.00193485	-1.02403	-0.995767
DPPA3	chr12	7864050	7870152	7864249	7867778	1.77412	0.0416039	0.0121639	3.70533	0.000197091	-0.948028	-0.639987
DPPA3	chr12	7864050	7870152	7868836	7869562	1.65948	0.0861898	0.0272837	3.92702	0.000118298	-0.532644	-0.794794
A2ML1	chr12	8975150	9029381	8976479	8982322	4.09519	0.00635937	0.000372084	7.23983	5.75672e-08	-0.083804	0.290481
A2ML1	chr12	8975150	9029381	8982376	8987257	1.48116	0.00127715	0.000457478	3.93045	0.000117369	-4.20843	0.205422
LOC101928100	chr12	10516368	10551105	10525831	10526633	-4.09653	0.00658257	0.112609	2.06148	0.00868001	-1.99256	-0.738638
BCAT1	chr12	24962958	25102393	25056010	25101860	1.51836	0.0197632	0.00689896	5.7556	1.75551e-06	-0.0200906	-0.334098
LMNTD1	chr12	25629016	25801496	25706218	25801427	-0.451916	0.000289008	0.000395321	2.37197	0.00424645	0.0137411	0.00564804
SLC38A4	chr12	47158544	47219780	47173814	47178324	0.905251	0.0026141	0.00139577	2.31451	0.00484719	-0.631569	-1.25268
COL2A1	chr12	48366748	48398285	48369389	48369745	4.15659	0.00178343	0.0001	2.10553	0.0078427	-0.2107	-3.16112
KCNH3	chr12	49932940	49952077	49944113	49948119	0.707495	0.0906836	0.055533	2.15693	0.0069674	-0.982751	-0.980188
GRASP	chr12	52400729	52409673	52404347	52404664	-0.687621	0.511777	0.82428	2.1096	0.00776965	-0.941916	-1.01699
SOAT2	chr12	53497274	53518323	53509951	53512133	2.93303	0.00668706	0.0008756	2.62659	0.00236273	-1.62138	-0.858724
CD63	chr12	56119227	56123457	56121573	56121647	0.658156	0.45994	0.291458	2.51381	0.00306333	-0.74536	-0.843926
PTPRB	chr12	70910632	71031220	70928432	70928612	-3.64225	0.0112928	0.141003	2.13944	0.00725379	-1.37238	-0.899879
PTPRB	chr12	70910632	71031220	70949090	70949649	-2.56897	0.0308442	0.183025	2.67311	0.00212272	-0.879152	-1.02238
PTPRB	chr12	70910632	71031220	70953405	70954450	-2.44317	0.026948	0.146553	2.56084	0.0027489	-0.965004	-1.09594
PTPRB	chr12	70910632	71031220	70956888	70960214	-2.88692	0.0146289	0.108209	2.92655	0.00118428	-0.971937	-1.1048
PTPRB	chr12	70910632	71031220	70960485	70963454	-2.33972	0.0275242	0.139329	2.39947	0.00398591	-0.777836	-1.12588
PTPRB	chr12	70910632	71031220	70988505	70989828	-2.92391	0.000788868	0.00598671	3.43094	0.000370733	-0.617822	-1.35199
PTPRB	chr12	70910632	71031220	70990108	71002848	-2.16058	0.00132991	0.00594597	2.2153	0.00609115	-1.23666	-0.996876
PTPRR	chr12	71031853	71314584	71033453	71050483	-2.05104	0.000348919	0.00144594	2.4628	0.00344508	0.391508	-2.93409
NAV3	chr12	78225069	78606792	78444928	78452775	0.987101	0.000227245	0.000114643	2.00623	0.00985767	-4.26832	-0.0931872
CLLU1	chr12	92815307	92824778	92819711	92821870	1.6322	0.248443	0.0801469	3.66453	0.000216505	-0.98677	-1.06878
CLLU1	chr12	92815307	92824778	92821925	92822809	1.40828	0.264573	0.099681	3.50104	0.000315471	-0.942506	-0.912636
NUDT4P2	chr12	93771702	93796045	93772567	93788384	0.491858	0.164412	0.116915	2.25328	0.00558112	-1.21005	-0.995138
ANO4	chr12	101188374	101522419	101188806	101295423	-0.567737	0.000224742	0.000333112	2.28938	0.00513597	0.231195	0.083432
PAH	chr12	103232104	103311381	103288697	103306568	0.798451	0.000326957	0.000187989	3.84513	0.000142848	-0.952988	-3.191
GLT8D2	chr12	104382765	104443915	104415270	104443672	0.296631	0.203237	0.165465	2.84341	0.00143415	-0.322011	-0.209797
TXNRD1	chr12	104609557	104744085	104651858	104680459	-0.183862	3.47689	3.94947	2.01639	0.00962954	-0.000243169	-0.00116727
WSCD2	chr12	108523248	108644313	108525638	108561201	-1.87358	0.000253549	0.00092911	3.07817	0.000835267	-1.42543	-0.795927
DTX1	chr12	113495662	113535833	113515911	113530966	0.744003	0.832513	0.497077	2.74557	0.00179649	-0.448964	-0.438196
CCDC42B	chr12	113587663	113597081	113590693	113591012	3.86809	0.0676967	0.00463614	6.18543	6.52483e-07	-0.171423	-0.098413
CCDC42B	chr12	113587663	113597081	113591214	113592218	3.07021	0.0455621	0.00542473	5.07809	8.35433e-06	-0.659953	-0.511908
CCDC42B	chr12	113587663	113597081	113592441	113593064	3.59453	0.0528932	0.00437864	6.69081	2.03792e-07	-0.599579	-0.479118
WDR66	chr12	122356463	122441832	122413592	122437621	0.734851	0.0144608	0.00868922	3.66445	0.000216547	-0.965195	-1.17264
LINC00943	chr12	127221553	127230800	127228027	127229315	-1.80266	0.0116704	0.0407135	2.69484	0.00201912	-0.658627	-0.898707
LINC00943	chr12	127221553	127230800	127229435	127229551	-1.70937	0.0224754	0.0734987	2.36529	0.00431228	-0.553861	-0.966512
FAM110A	chr20	814340	826922	814595	820097	-0.478642	0.0887213	0.123627	2.87641	0.00132921	-0.615938	-0.765557
FAM110A	chr20	814340	826922	821960	825250	-0.401488	0.0941992	0.124425	2.48299	0.00328857	-0.0393763	-0.0564935
ANGPT4	chr20	853297	896960	853764	854926	-1.13647	0.00503445	0.0110679	3.0213	0.000952134	-0.886416	-0.691198
PCSK2	chr20	17206752	17465222	17240990	17338971	-0.759315	0.000407753	0.000690198	2.69228	0.00203107	0.0182581	0.00055602
CFAP61	chr20	20033158	20341346	20322566	20340853	0.187341	0.000856381	0.000752094	3.14145	0.000722029	0.0342405	-0.553899
VSX1	chr20	25051521	25063015	25052655	25053171	-1.22046	0.00322413	0.00751291	2.89383	0.00127694	-1.40194	-0.940259
BPIFA3	chr20	31805116	31815612	31805470	31811616	1.07206	0.000381104	0.000181268	2.48113	0.0033027	0.251534	0.950953
FER1L4	chr20	34146507	34195484	34152275	34152423	2.08115	2.91048	0.687822	5.94685	1.13018e-06	-0.83143	-0.858833
FER1L4	chr20	34146507	34195484	34189912	34190028	1.73356	0.12076	0.0363134	3.68736	0.000205421	-0.760819	-0.600902
SOGA1	chr20	35405845	35492087	35406235	35412177	0.309364	1.3668	1.103	2.71335	0.00193485	-1.00616	-0.937698
VSTM2L	chr20	36531499	36573747	36561992	36572382	-0.493284	0.00713847	0.0100484	2.60735	0.00246973	-0.659084	-1.00039
CASS4	chr20	54987168	55034396	54987271	54987313	1.11342	0.199891	0.0923892	2.60211	0.00249971	-0.466597	-0.53605
NPEPL1	chr20	57264187	57290900	57268107	57268792	-0.230617	0.375541	0.440636	2.20484	0.00623968	-0.820114	-0.644428
GNAS	chr20	57414773	57486251	57415942	57416656	0.950296	0.00721571	0.00373432	2.53418	0.00292291	-0.838383	-1.19813
OGFR	chr20	61436177	61445352	61436383	61438888	-0.275101	1.87175	2.26496	2.35176	0.00444874	-0.797671	-0.426616
DNAJC5	chr20	62526455	62567384	62551050	62551076	-0.0694248	0.441397	0.463157	2.10976	0.00776673	-0.10493	-0.0967001
CPNE6	chr14	24540046	24547309	24544486	24544713	0.955203	0.0220809	0.0113886	2.06242	0.0086613	-0.723618	-0.89098
SLC25A21	chr14	37147126	37641865	37153086	37153948	1.6892	0.00860346	0.00266793	4.37983	4.17034e-05	-1.92981	-0.94041
SLC25A21	chr14	37147126	37641865	37203779	37283122	1.1267	0.00101578	0.00046519	6.06341	8.64159e-07	-1.25035	0.120774
SLC25A21	chr14	37147126	37641865	37283207	37344160	1.08756	0.00278111	0.00130867	8.80939	1.55099e-09	-2.24921	0.0728949
LOC102723604	chr14	52382863	52385289	52383226	52384051	0.428544	0.135006	0.100311	2.44223	0.0036122	-0.899727	-0.903267
TBPL2	chr14	55880930	55907263	55900440	55902564	1.5134	0.00148406	0.000519844	3.18216	0.000657414	0.0457681	-1.49573
MAX	chr14	65472819	65569413	65511488	65519955	-0.263137	0.0776937	0.093239	2.85438	0.00139835	-1.07092	-0.914925
MAX	chr14	65472819	65569413	65520068	65521292	-0.39712	0.104391	0.13747	2.47277	0.0033669	-0.86335	-0.678587
MAX	chr14	65472819	65569413	65521408	65527898	-0.377719	0.121076	0.157313	3.98367	0.000103832	-0.77092	-0.608637
LOC100128233	chr14	65679611	65689065	65685414	65688936	-2.48361	0.00513423	0.0287155	2.19564	0.00637318	-0.781971	-0.925839
PAPLN	chr14	73704205	73741347	73706541	73711351	1.17649	0.0120543	0.00533316	3.18451	0.000653872	-0.0696708	-0.415966
JDP2	chr14	75894509	75939404	75895310	75898836	-0.378777	0.226816	0.294915	2.34182	0.00455179	-0.0735787	-0.0561809
NRXN3	chr14	78636716	80334633	79746882	79933563	-0.375257	0.000512507	0.000664757	2.99908	0.00100213	-0.281945	0
SLC24A4	chr14	92788925	92967825	92922953	92949023	0.807557	0.00849755	0.00485506	2.41188	0.00387364	-0.907259	-1.7619
ASB2	chr14	94400499	94443076	94406019	94413694	-0.97793	0.00920673	0.0181339	2.89851	0.00126324	-0.806291	-0.664045
TUNAR	chr14	96343109	96391908	96343515	96389117	0.8981	0.00270367	0.00145077	2.46552	0.00342354	-0.733787	-0.973596
BDKRB1	chr14	96722547	96731100	96722638	96728988	5.47048	0.00848418	0.000191352	2.32591	0.00472162	-1.97216	0.857107
LOC102723354	chr14	105560484	105565833	105560554	105561663	1.53459	0.090914	0.0313814	5.78787	1.62977e-06	-1.02308	-0.986099
PACS2	chr14	105767148	105864484	105767330	105780751	0.476392	0.0271225	0.0194949	2.14741	0.00712178	-1.09534	-0.288745
RPH3AL	chr17	62180	202633	65594	69413	-1.37881	0.0337296	0.087715	4.20884	6.18241e-05	-1.40968	-0.977821
ALOX15	chr17	4534214	4544960	4542927	4544811	-0.62967	0.0655652	0.101443	2.29242	0.00510017	-0.830904	-0.702518
LOC101559451	chr17	4607525	4608824	4607666	4608493	-0.417679	2.96875	3.96559	3.72719	0.000187416	-0.0155505	-0.0106333
TMEM256-PLSCR3	chr17	7293047	7307450	7306529	7306628	0.427297	0.289736	0.215463	2.0534	0.00884294	-0.277012	-0.411352
ALOX15B	chr17	7942358	7952451	7942924	7943219	4.46202	0.00220395	0.0001	2.46932	0.00339376	-0.377887	-1.59168
DNAH9	chr17	11501748	11873065	11651084	11656149	0.871755	0.000253994	0.000138803	2.33265	0.00464893	0.470885	1.59503
MYOCD	chr17	12569207	12672265	12618892	12620662	1.12298	0.000863065	0.00039627	2.23844	0.00577512	0.0926048	0.326957
SLC47A1	chr17	19437167	19482346	19449817	19451297	1.7736	0.000930496	0.00027215	2.21806	0.00605261	0.118157	-4.13081
SLC47A1	chr17	19437167	19482346	19458623	19458905	4.83386	0.00285191	0.0001	2.83551	0.00146046	-0.693344	-2.12196
FAM222B	chr17	27082996	27169857	27139454	27161310	0.378303	0.0396437	0.0304995	2.09075	0.00811425	-0.976764	-1.05857
TMIGD1	chr17	28643366	28661065	28656548	28659069	1.66768	0.000701383	0.000220767	3.39147	0.000405999	-0.350049	0.787396
CPD	chr17	28705942	28796675	28707661	28712006	1.33949	0.00233641	0.000923253	2.64613	0.00225875	-1.03004	-0.730559
RNF135	chr17	29297956	29326929	29298464	29302352	-0.610474	0.322955	0.493075	2.63893	0.00229654	-0.578041	-0.372603
RNF135	chr17	29297956	29326929	29303018	29311634	-0.533158	0.14555	0.210625	3.07851	0.000834627	-1.06592	-0.756908
RHBDL3	chr17	30593195	30651680	30593320	30594920	1.63491	0.00051979	0.000167367	2.0626	0.00865768	-0.71746	1.27515
ACACA	chr17	35441927	35766902	35656693	35687112	0.515902	0.0118859	0.00831246	2.48299	0.00328857	-0.960706	-0.80854
ACACA	chr17	35441927	35766902	35724004	35726312	0.641245	0.0142088	0.00911008	2.67652	0.0021061	-0.780781	-0.446948
PPP1R1B	chr17	37783177	37792878	37783727	37784750	1.60029	0.00369671	0.00121922	2.16679	0.00681092	-0.290018	-1.25378
TUBG2	chr17	40811266	40819024	40811571	40811851	-0.678126	0.156297	0.250085	2.54492	0.00285152	-0.987726	-0.97279
PTGES3L-AARSD1	chr17	41102543	41132545	41132021	41132062	1.19215	0.0627569	0.0274656	2.56554	0.00271935	-0.767932	-0.806459
ARHGAP27#2	chr17	43506718	43510282	43507664	43508986	0.954697	0.0505311	0.0260715	2.1096	0.00776965	-0.427528	-0.616558
WNT9B	chr17	44928968	44954437	44929082	44949882	-0.893746	0.00125849	0.00233826	2.08177	0.00828377	-0.566138	0.00220524
GNGT2	chr17	47283596	47287936	47286763	47287588	-1.51773	0.00858331	0.0245775	4.76844	1.70437e-05	-0.950015	-1.15088
PHOSPHO1	chr17	47300732	47308128	47302494	47304008	-1.50685	0.0288052	0.0818613	5.2935	5.0875e-06	-0.842041	-0.750511
LOC440446	chr17	49414076	49419932	49415282	49416967	2.53662	0.000836664	0.000144196	2.84636	0.00142444	-0.012925	-0.560244
TOM1L1	chr17	52978052	53039328	52981154	52982849	1.06146	0.000864533	0.000414237	2.05405	0.00882986	0.114305	-2.70968
TBX2	chr17	59477257	59486827	59483198	59485414	-3.5181	0.000121268	0.00138932	2.01223	0.00972239	2.35482	-0.0691642
MIR548W	chr17	60798858	61268734	61086988	61151303	1.3845	0.000419539	0.000160693	2.95975	0.00109712	0.0731266	0.331974
MIR548W	chr17	60798858	61268734	61176608	61268699	1.30415	0.000795744	0.000322245	2.75484	0.00175856	0.0146356	0.0924807
PRKAR1A	chr17	66409764	66547457	66422317	66423275	-0.333732	0.219912	0.277149	2.2826	0.00521676	-0.294236	-0.264205
PRKAR1A	chr17	66409764	66547457	66431854	66432522	-0.557547	0.0384027	0.0565198	3.03306	0.000926712	-1.19871	-0.989495
MYO15B	chr17	73584139	73622927	73586325	73586706	0.671726	1.73665	1.09019	2.51379	0.00306343	-0.207428	-0.269359
TEN1-CDK3	chr17	73975298	74002080	73997623	73997954	-0.224791	1.48125	1.73101	2.49325	0.0032118	-0.880677	-0.852215
SEPT9	chr17	75277492	75496678	75401223	75446612	1.10715	0.265273	0.123142	5.30753	4.92576e-06	-0.185702	-0.375473
HP09025	chr17	77681075	77686081	77681466	77682280	-1.09691	0.01505	0.0321914	2.35521	0.00441354	-0.919714	-1.2666
ENPP7	chr17	77704865	77716021	77705155	77707305	-1.07677	0.0200303	0.0422502	3.6097	0.00024564	-0.790545	-0.858957
LOC100294362	chr17	78325631	78388968	78353515	78354630	-0.298106	1.75794	2.16144	3.69577	0.000201478	-0.645149	-0.617217
LOC100294362	chr17	78325631	78388968	78355528	78356778	-0.241998	2.62523	3.10467	3.50388	0.000313417	-0.462165	-0.45597
LOC100294362	chr17	78325631	78388968	78357729	78358838	-0.281542	1.20491	1.46456	3.5652	0.000272147	-0.866095	-0.838319
LOC100294362	chr17	78325631	78388968	78362490	78362972	-0.260307	1.35412	1.62188	2.08138	0.00829119	-0.792493	-0.775291
LOC100130370	chr17	79349699	79359160	79349974	79353521	1.02395	0.0013762	0.000676774	2.11486	0.00767608	0.0388721	-0.141099
SECTM1	chr17	80278900	80291921	80280247	80280753	0.705767	1.26693	0.776777	3.04434	0.000902952	-0.64101	-0.691605
LOC101927815#1	chr8	2387219	2585991	2448337	2452651	3.10528	0.0075281	0.000874788	2.47843	0.00332331	-0.430956	-0.494768
SLC39A14	chr8	22224762	22291640	22225251	22262208	0.907834	0.00447475	0.00238497	3.14744	0.000712132	-0.531881	-0.441337
LOC101929294	chr8	24153327	24406131	24201102	24207376	-0.388703	2.91791	3.82017	2.19521	0.0063795	-0.935868	-0.923575
SCARA5	chr8	27727399	27850369	27824060	27845020	-0.560875	0.000325712	0.000480479	2.62723	0.00235922	0.235303	-2.55752
DUSP4	chr8	29190579	29208267	29206323	29207362	0.669727	0.0374806	0.0235612	2.15243	0.00703999	-0.934352	-0.893451
LOC101929450	chr8	29605825	29656008	29606610	29607145	2.01228	0.0073767	0.00182854	2.56095	0.00274818	-0.837866	-0.534482
RBPMS	chr8	30242017	30429778	30361954	30402010	-0.599543	0.0161922	0.0245349	2.9096	0.0012314	-0.832716	-0.770308
RBPMS	chr8	30242017	30429778	30419667	30423773	-0.498749	0.28586	0.403917	3.29948	0.000501784	-0.655467	-0.581478
UNC5D	chr8	35092975	35652181	35567839	35579727	1.65673	0.000736779	0.000233674	3.70008	0.000199488	0.083564	0.591273
UNC5D	chr8	35092975	35652181	35624585	35631816	0.75622	0.000174614	0.00010338	2.20157	0.00628675	-1.19427	4.32298
ADAM5	chr8	39172182	39260375	39233397	39238307	0.938862	0.000209849	0.000109467	2.10184	0.00790973	0.725407	3.2822
ZMAT4	chr8	40388111	40755343	40683200	40755201	-0.857434	0.000302551	0.000548165	2.33156	0.00466054	0.047454	-1.75524
PLAT	chr8	42032236	42065194	42036582	42037443	1.37157	0.00652248	0.00252075	3.04069	0.000910569	-1.54471	-0.883916
PLAT	chr8	42032236	42065194	42040409	42042598	1.20743	0.00555195	0.00240422	2.61801	0.00240985	-1.57167	-0.951512
PLAT	chr8	42032236	42065194	42045091	42045423	1.55834	0.00786015	0.00266885	2.81979	0.00151428	-0.966815	-0.50305
ST18	chr8	53023392	53322439	53031002	53038611	-0.705959	0.00260381	0.00424741	3.47166	0.00033755	-1.57774	-0.672887
LOC101929415	chr8	57358366	57464626	57359283	57408781	3.32776	0.00507456	0.000505408	7.6283	2.35343e-08	-0.0341629	-0.338123
C8orf46	chr8	67405491	67430759	67405954	67408671	-2.52361	0.00169152	0.00972657	2.19033	0.00645167	-0.843682	-0.349906
RALYL	chr8	85095453	85834078	85762263	85774530	0.798908	0.000210995	0.000121276	2.12247	0.00754282	0.564201	1.92258
TRIQK	chr8	93895758	93978372	93977818	93978372	1.16279	0.0218968	0.00978017	2.09092	0.00811103	3.40794	4.6278
MATN2	chr8	98881311	99048946	99040058	99042689	-0.377761	0.025064	0.0325663	2.03486	0.00922876	-1.04875	-0.983889
RGS22	chr8	100973166	101118344	101051261	101052189	2.3102	0.000684158	0.000137948	2.53224	0.002936	0.180569	1.79568
COL14A1	chr8	121137347	121384273	121243858	121256117	-0.934087	0.000138657	0.000264929	2.0677	0.00855654	1.315	0.375519
LOC101927543	chr8	121773493	121789072	121778105	121780898	-1.62679	0.00139687	0.00431388	2.64403	0.00226972	-0.965451	-0.823891
FER1L6	chr8	124864227	125132302	124864426	124968231	-0.639636	0.00092351	0.00143877	3.67695	0.0002104	0.00136385	-0.289237
CASC11	chr8	128712853	128746213	128728415	128742439	0.52662	0.00554084	0.00384633	2.08138	0.00829119	-0.771791	-0.317978
RHPN1	chr8	144451025	144466390	144461679	144461998	1.00069	0.623459	0.31158	2.32738	0.00470563	-0.902235	-0.879083
EXOSC4	chr8	145133522	145135551	145133803	145134776	0.386377	0.111849	0.0855696	2.73481	0.00184157	-0.965055	-0.932544
PLEKHG4B	chr5	140373	190087	163664	169454	0.930671	0.0297171	0.01559	4.54493	2.85147e-05	-0.891046	-1.22789
LOC729506	chr5	8333596	8457677	8337409	8387639	0.676229	0.000865625	0.000541707	3.35913	0.000437389	0	0.00621196
LOC729506	chr5	8333596	8457677	8387823	8452335	3.33669	0.0029556	0.000292551	10.157	6.96556e-11	-0.592357	-0.694765
FBXO4	chr5	41925354	41941672	41925601	41927114	-0.303041	0.264204	0.32596	3.02166	0.000951344	-0.701628	-0.658304
FBXO4	chr5	41925354	41941672	41935186	41939542	-0.329699	0.456465	0.573663	2.98782	0.00102845	-1.05649	-0.976112
RAD17	chr5	68665124	68710630	68665841	68665886	-0.552859	1.62122	2.37832	8.33592	4.614e-09	-0.613415	-0.465907
LOC101929154	chr5	77180480	77254920	77254134	77254683	-1.3332	0.00240382	0.00605671	2.2357	0.00581164	-0.364926	-1.18432
FAM151B	chr5	79783800	79838382	79783968	79797610	-0.434546	0.00909604	0.0122932	3.01036	0.000976431	-0.106955	-0.229539
LOC100505878	chr5	86042635	86045589	86042885	86044932	-5.11721	0.0001	0.00347082	3.90198	0.00012532	-0.520349	-0.618758
LOC102546226	chr5	87704799	87734907	87705763	87722318	-0.581617	0.00402561	0.00602443	2.08138	0.00829119	-1.12139	-0.90231
POLR3G	chr5	89770681	89810369	89770838	89781341	-0.335105	0.0551428	0.0695609	2.31211	0.00487402	-0.544374	-0.758951
FAM81B	chr5	94727048	94786144	94782402	94783972	-0.736891	0.00704983	0.0117491	3.3099	0.000489887	-0.447381	-1.27937
SPATA9	chr5	94987885	95018714	94994618	94999656	-1.06097	0.00527984	0.0110155	2.30295	0.00497794	-0.893111	-1.36512
LOC102467212	chr5	102864135	102877686	102876733	102877554	1.7661	0.00728003	0.00214035	3.37604	0.000420685	-1.44264	-0.629114
SEMA6A	chr5	115779251	115910622	115831211	115831946	-0.367196	0.449303	0.579531	3.72719	0.000187416	-0.590639	-0.497278
LOC102546229	chr5	133764742	133770738	133765643	133770680	-0.656889	0.000688335	0.00108528	2.14695	0.00712943	0.0950815	0.0263509
C5orf66	chr5	134368970	134680370	134509863	134669447	-0.75544	0.00349501	0.0059001	6.17329	6.70977e-07	-0.538089	-1.03285
PKD2L2	chr5	137225125	137278434	137225212	137226169	-0.892536	0.00685284	0.0127219	2.38898	0.00408343	-0.609655	-0.751524
PKD2L2	chr5	137225125	137278434	137230299	137235204	-0.725957	0.0114623	0.0189586	2.33189	0.00465699	-0.501529	-0.554636
PKD2L2	chr5	137225125	137278434	137244636	137257324	-0.514613	0.0728956	0.10414	3.52834	0.000296251	-0.46962	-0.571092
SPATA24	chr5	138732456	138739776	138732619	138732729	0.698024	0.271356	0.167268	3.02734	0.00093899	-1.02838	-0.972805
PCDHGA1	chr5	140710252	140892546	140780152	140782519	-1.51387	0.0156829	0.0447865	2.24796	0.00564989	-1.35125	-0.779621
PCDHGA2	chr5	140718327	140892546	140780152	140782519	-1.51387	0.0156829	0.0447865	2.24796	0.00564989	-1.22865	-0.689529
PCDHGA3	chr5	140723601	140892546	140780152	140782519	-1.51387	0.0156829	0.0447865	2.24796	0.00564989	-0.567782	-0.443295
PCDHGA3	chr5	140723601	140892546	140795296	140797213	-0.928143	0.0126989	0.0241639	2.05374	0.008836	-0.67389	-0.736992
PCDHGB1	chr5	140729828	140892546	140780152	140782519	-1.51387	0.0156829	0.0447865	2.24796	0.00564989	-0.288652	-0.630981
PCDHGB1	chr5	140729828	140892546	140795296	140797213	-0.928143	0.0126989	0.0241639	2.05374	0.008836	-0.348634	-1.01209
PCDHGB1	chr5	140729828	140892546	140812790	140855568	-0.911	0.00424611	0.00798416	2.35176	0.00444874	-0.865898	-2.02805
PCDHGB1	chr5	140729828	140892546	140858363	140864740	-1.4361	0.00437908	0.0118493	2.48175	0.003298	-0.842137	-1.62007
PCDHGA4	chr5	140734592	140892546	140780152	140782519	-1.51387	0.0156829	0.0447865	2.24796	0.00564989	-0.342575	-0.676782
PCDHGA4	chr5	140734592	140892546	140795296	140797213	-0.928143	0.0126989	0.0241639	2.05374	0.008836	-0.412299	-1.07685
PCDHGA4	chr5	140734592	140892546	140812790	140855568	-0.911	0.00424611	0.00798416	2.35176	0.00444874	-0.995877	-2.12391
PCDHGA4	chr5	140734592	140892546	140858363	140864740	-1.4361	0.00437908	0.0118493	2.48175	0.003298	-0.970342	-1.70607
PCDHGA5	chr5	140743898	140892546	140780152	140782519	-1.51387	0.0156829	0.0447865	2.24796	0.00564989	-0.835451	-0.996879
PCDHGA5	chr5	140743898	140892546	140795296	140797213	-0.928143	0.0126989	0.0241639	2.05374	0.008836	-0.97713	-1.50865
PCDHGA8	chr5	140771483	140892546	140780152	140782519	-1.51387	0.0156829	0.0447865	2.24796	0.00564989	-0.825055	-0.775198
PCDHGA8	chr5	140771483	140892546	140795296	140797213	-0.928143	0.0126989	0.0241639	2.05374	0.008836	-0.965487	-1.21325
RELL2	chr5	141016517	141020631	141017977	141018361	0.353968	0.621393	0.486196	2.03486	0.00922876	-0.884806	-1.03026
LOC102546294	chr5	147647870	147763413	147661795	147665562	-0.666812	0.0208184	0.0330504	2.44269	0.00360833	-0.895316	-0.874642
SPINK13	chr5	147648423	147665773	147661795	147665562	-0.675259	0.0218587	0.0349058	2.47324	0.00336324	-0.216288	-0.154334
TENM2	chr5	166711843	167691162	167525133	167545296	0.635358	0.000186878	0.000120308	2.68708	0.00205553	0.569792	1.95534
SPDL1	chr5	169010638	169031781	169010894	169015397	-0.469859	0.114863	0.159082	3.25233	0.000559338	-0.879635	-0.824169
FLJ16171	chr5	174346085	174422734	174346729	174403451	0.385901	0.000165593	0.000126729	2.07035	0.00850452	0.292719	0.68762
AACSP1	chr5	178191864	178203277	178193177	178194130	9.48983	0.105429	0.000146634	3.33534	0.000462015	-1.25034	-0.23445
SQSTM1	chr5	179233388	179265077	179234124	179238573	0.293305	0.166647	0.135989	2.01639	0.00962954	-0.185662	-0.189177
BTNL9	chr5	180467225	180488523	180470485	180472466	1.22919	0.000677919	0.00028917	2.03343	0.00925909	0.170608	0.571946
CAGE1	chr6	7326887	7389942	7356363	7365700	0.807964	0.000780951	0.000446069	2.40325	0.00395143	-2.07409	0.145729
TFAP2A	chr6	10396916	10419797	10412608	10415173	1.56338	0.0616788	0.0208695	4.90922	1.23248e-05	-0.02328	-0.0564341
LOC101928253	chr6	11990576	12001477	11992272	12001394	1.52634	0.000472442	0.000164011	2.37506	0.00421638	0.190836	1.03423
PHACTR1	chr6	12717037	13288075	13206369	13228047	0.916844	0.00484065	0.00256393	2.30225	0.00498594	-0.311904	-0.178365
GFOD1#1	chr6	13363587	13487869	13408370	13469501	0.660182	0.0925672	0.0585764	4.07552	8.40397e-05	-0.705735	-0.569421
GFOD1#1	chr6	13363587	13487869	13470863	13472212	0.572389	0.296128	0.199147	4.22203	5.9975e-05	-0.259709	-0.191993
GFOD1#1	chr6	13363587	13487869	13472296	13486242	0.596298	0.182121	0.120464	4.1551	6.99678e-05	-0.401312	-0.304877
RBM24	chr6	17281809	17294099	17284943	17291986	-0.975467	0.000106626	0.000209657	2.21157	0.00614371	3.21231	-2.55936
PRSS16	chr6	27215502	27224399	27217009	27218461	1.71524	0.00177018	0.000539111	2.01127	0.00974377	-0.270435	0.255502
DDR1	chr6	30850390	30867933	30850761	30851860	0.770314	0.34662	0.20322	2.08138	0.00829119	-0.0372248	-0.0354759
GGNBP1	chr6	33551476	33556803	33553145	33553366	-0.476279	0.205014	0.285205	3.08996	0.000812907	-0.843563	-0.845526
LOC285847	chr6	35694539	35704724	35700205	35701619	0.996295	0.0804832	0.0403451	4.03602	9.20406e-05	-0.845785	-0.745623
ARMC12	chr6	35704809	35716690	35705130	35705803	1.17545	0.170387	0.0754382	6.5049	3.12683e-07	-0.981278	-1.03712
LOC100505530	chr6	37475124	37504056	37475481	37502051	1.01786	0.00422937	0.00208867	2.87105	0.0013457	-0.774598	-0.649731
RUNX2#1	chr6	45296054	45518819	45296233	45296397	3.19677	0.00606122	0.000661052	2.38918	0.00408149	-0.50894	-0.992206
RHAG	chr6	49572890	49604587	49582567	49583336	3.54709	0.00429096	0.000367092	2.19266	0.00641711	-2.82798	-0.524082
B3GAT2	chr6	71571069	71666788	71603976	71665541	-0.341029	0.00167127	0.00211693	2.02562	0.00942725	0	-0.630104
LOC101928911	chr6	88494578	88621449	88494981	88619499	0.439412	0.00051841	0.000382294	2.00724	0.00983472	0.00212018	0.00428416
MDN1	chr6	90352494	90529513	90428945	90432673	-0.27305	1.46507	1.77033	2.29242	0.00510017	-0.901893	-0.835553
MIR548H3	chr6	97537843	97862283	97594764	97597728	-0.505311	0.0930508	0.132079	3.61465	0.000242858	-0.823484	-0.924742
MIR548H3	chr6	97537843	97862283	97597897	97599646	-0.43361	0.0848089	0.114544	2.49324	0.0032119	-0.883208	-1.02565
MIR548H3	chr6	97537843	97862283	97613334	97615946	-0.538296	0.0743839	0.108025	3.08994	0.00081294	-0.972932	-1.06928
MCHR2	chr6	100367786	100442114	100391020	100395637	1.03194	0.000387011	0.000189269	2.32806	0.00469828	0.280092	0.946677
SLC35F1	chr6	118228689	118638839	118475784	118556671	0.333026	0.000151605	0.000120354	2.15174	0.00705109	-2.67512	0.820402
SMPDL3A	chr6	123110194	123130864	123110604	123116821	-1.89957	0.00230147	0.00858679	2.10228	0.00790176	-1.28021	-0.836526
LOC101928140	chr6	128349010	128407435	128383967	128385902	1.9309	0.00639798	0.00167797	2.4508	0.00354162	-1.23209	-0.93971
LAMA2	chr6	129204286	129837710	129475829	129486720	-0.663388	0.0366286	0.0580122	3.34701	0.000449772	0	0
SAMD3	chr6	130465447	130686570	130634239	130686264	-1.74723	0.000745407	0.00250243	5.36884	4.27717e-06	-0.727064	-1.82692
TMEM200A	chr6	130687426	130764210	130742504	130758261	-2.35423	0.000270801	0.00138466	5.8274	1.48798e-06	-1.10534	-0.702277
TMEM200A	chr6	130687426	130764210	130760624	130761551	-2.48322	0.000954608	0.00533765	2.98603	0.00103269	-0.695909	-0.853789
EYA4	chr6	133562495	133853258	133769318	133777693	0.605612	0.000153092	0.000100611	2.57349	0.00267	1.07627	5.39166
TARID	chr6	133823390	134210144	133858497	133889327	0.464434	0.000177732	0.000128812	2.15198	0.00704724	-0.288618	1.37123
ECT2L	chr6	139117248	139225207	139183857	139186132	-0.917949	0.0064412	0.0121702	2.6519	0.00222896	-0.258863	-0.47076
PHACTR2	chr6	143929317	144152322	143999347	144033152	0.675059	0.0135341	0.00847651	4.12848	7.43901e-05	-0.595127	-0.551595
MTHFD1L	chr6	151186815	151423023	151187524	151197225	0.349882	0.02093	0.0164226	2.12844	0.00743978	-0.13498	-0.078579
AKAP12	chr6	151561134	151679694	151647021	151669845	1.22455	0.0156405	0.00669309	4.23548	5.81458e-05	-0.763504	-0.982789
MIR3163	chr6	152469762	152546267	152472826	152473093	-0.553851	0.378199	0.555197	3.50388	0.000313417	-0.44985	-0.778146
OPRM1	chr6	154331631	154568001	154453490	154475617	1.83026	0.00196908	0.000553734	2.01053	0.00976053	-0.378617	-0.346383
OPRM1	chr6	154331631	154568001	154489249	154520801	0.974639	0.00856439	0.00435814	2.58641	0.00259173	-0.0981384	-0.0581303
OPRM1	chr6	154331631	154568001	154521175	154533903	1.08791	0.00431869	0.0020317	2.78661	0.00163452	-0.186295	-0.109063
OPRM1	chr6	154331631	154568001	154535411	154542390	0.948067	0.0433331	0.0224607	2.42716	0.00373971	-0.0198608	-0.0111225
OPRM1	chr6	154331631	154568001	154544378	154567724	1.03163	0.0187465	0.00916999	2.61791	0.00241039	-0.0455012	-0.0275717
NOX3	chr6	155716502	155777037	155752070	155757551	-1.25979	0.00110048	0.00263523	2.03364	0.00925454	-2.05325	-0.885358
SLC22A3	chr6	160769405	160873611	160829954	160831760	-1.27625	0.000879259	0.00212964	2.14102	0.00722742	0.116646	0.0305641
SLC22A3	chr6	160769405	160873611	160858244	160863792	2.22085	0.000644509	0.000138257	3.25433	0.000556759	-0.402623	-0.792038
CHL1#1	chr3	238279	451097	290283	361365	-6.24017	0.000161017	0.0121716	2.03588	0.00920706	-0.548745	-1.69675
CNTN4	chr3	2140550	3099645	3080688	3081720	-3.25177	0.000196637	0.00187303	2.16839	0.00678595	0.988926	-0.678023
LMCD1	chr3	8543493	8609811	8592962	8607117	-3.67267	0.000422167	0.00538352	2.74906	0.00178212	-0.640758	-0.994832
SGOL1	chr3	20202085	20227725	20202719	20210971	-0.318821	0.060467	0.0754212	2.59687	0.00253006	-0.960744	-0.844593
LOC101927829	chr3	20383960	20392420	20387275	20387516	-0.88662	0.00829401	0.0153343	2.28682	0.00516635	-1.09141	-0.948183
MIR548AC	chr3	23375626	23648882	23632297	23648851	-1.29474	0.0503446	0.123512	6.82823	1.48515e-07	-0.537175	-0.465108
THRB	chr3	24158645	24536313	24359986	24378790	2.18622	0.00168838	0.000370981	2.71515	0.00192686	-3.20691	-0.953211
NEK10	chr3	27152394	27410951	27184966	27203951	-1.16733	0.0002872	0.000645037	2.38214	0.0041482	0.283389	-3.50346
RBMS3	chr3	29322803	30051886	30032810	30045346	2.06098	0.0104043	0.00249343	2.2728	0.00533575	-4.45873	-0.671767
SLC22A14	chr3	38347445	38359859	38355433	38357048	-2.0012	0.000497526	0.00199176	2.31846	0.00480335	-3.01036	-0.98843
LOC101928323	chr3	42653802	42695880	42660620	42661155	-0.251495	3.52536	4.19673	2.22415	0.00596829	-0.0471991	-0.0327982
TGM4	chr3	44916098	44956088	44945480	44948440	-0.636961	0.0204228	0.0317585	2.79971	0.00158596	-0.710908	-1.01522
ITIH3	chr3	52828784	52843025	52833108	52833387	1.06249	0.0223435	0.0106981	2.76922	0.00170128	-1.12915	-0.754937
CACNA2D3	chr3	54156693	55108584	54420802	54537518	-0.518631	0.000767495	0.00109951	4.14178	7.2147e-05	0	0
FOXP1	chr3	71003865	71633140	71294317	71348970	0.381999	0.146887	0.112717	2.10014	0.00794069	-0.375253	-0.332703
GXYLT2	chr3	72937385	73024522	72957711	72971354	-0.762895	0.000243852	0.000413791	2.62364	0.0023788	0.340155	0.0832964
ABI3BP	chr3	100468179	100712334	100645326	100712149	0.209783	0.000134447	0.000116252	2.31368	0.00485641	-1.769	1.10699
IFT57	chr3	107879659	107941417	107881503	107882509	0.306208	3.74008	3.02484	2.09075	0.00811425	-0.980985	-0.891692
GAP43	chr3	115342151	115440334	115342567	115382367	0.7806	0.000408555	0.00023783	2.18798	0.00648669	0.0720683	0.237932
GAP43	chr3	115342151	115440334	115382764	115394859	0.560389	0.000728662	0.00049412	2.07079	0.00849588	-2.09958	-0.446787
LSAMP	chr3	115521210	116164385	115805404	116163723	-0.254288	0.000776964	0.000926722	2.79971	0.00158596	-0.826978	-1.05763
NR1I2	chr3	119499331	119537332	119501700	119526075	0.518897	0.0015642	0.00109166	2.26315	0.00545566	-0.362158	-0.418025
KALRN#1	chr3	123813558	124440036	124418881	124420884	-2.15719	0.000424601	0.00189392	2.12571	0.00748673	-0.601845	-2.55709
KALRN#2	chr3	124303506	124440036	124418881	124420884	-2.15719	0.000424601	0.00189392	2.12571	0.00748673	-0.601845	-2.55709
TMCC1	chr3	129366635	129612419	129407576	129546645	0.420574	0.00967616	0.00722932	2.04412	0.00903401	-0.559809	-0.715924
COL6A5	chr3	130064359	130203690	130150794	130158365	1.10222	0.000370064	0.000172376	2.57778	0.00264375	0.248416	-0.151377
CLSTN2	chr3	139654027	140286919	140185574	140251165	1.2122	0.00121936	0.000526287	4.12896	7.4309e-05	-1.58353	0.00277113
TRIM42	chr3	140396866	140419992	140402002	140406563	1.84571	0.000907597	0.000252511	2.63475	0.00231873	-0.732845	-0.310782
ZBTB38	chr3	141043055	141168632	141043299	141087462	-1.08041	0.00105079	0.00222204	2.38178	0.00415167	-2.00712	-0.952763
CP	chr3	148880197	148939832	148905990	148916153	-0.750839	0.00395025	0.00664736	2.89858	0.00126305	-1.08898	-0.790484
LRRC31	chr3	169557029	169587723	169574661	169578348	0.684581	0.00592318	0.00368532	3.71929	0.00019086	-1.27055	-0.99184
MAP3K13#1	chr3	185000729	185206882	185081157	185146284	-0.210719	1.13807	1.31705	3.35894	0.000437579	-0.584947	-0.487797
MAP3K13#2	chr3	185080836	185206882	185081157	185146284	-0.210719	1.13807	1.31705	3.35894	0.000437579	-0.000916705	-0.00128298
TP63	chr3	189349216	189615068	189507632	189526060	1.78525	0.000508373	0.000147492	4.82739	1.48804e-05	-0.832633	1.30195
TP63	chr3	189349216	189615068	189599285	189604182	4.07352	0.0137517	0.000816781	11.1756	6.67472e-12	-0.755629	-0.46626
SNORD115-21	chr15	25451409	25477615	25455147	25456838	0.934426	0.00136758	0.00071559	2.73442	0.00184322	0.0684982	0.196389
SNORD115-15	chr15	25451409	25477615	25455147	25456838	0.934426	0.00136758	0.00071559	2.73442	0.00184322	0.0684982	0.196389
GABRB3	chr15	26788694	27018935	26812881	26825465	0.590441	0.000227447	0.000151056	2.23603	0.00580726	0.410758	1.1701
GABRB3	chr15	26788694	27018935	26874326	26961760	-0.388493	0.031978	0.04186	2.79971	0.00158596	0	0
GOLGA8M	chr15	28943841	28957567	28953004	28953098	0.80664	0.0288302	0.0164826	2.07872	0.00834227	-0.661107	-1.03257
ITPKA	chr15	41786056	41795757	41786615	41793660	2.16205	0.0321822	0.00719073	8.65468	2.21472e-09	-0.618061	-0.500039
SPTBN5	chr15	42140344	42186275	42182404	42185091	0.944895	0.0587674	0.0305277	4.14571	7.14974e-05	-0.684007	-1.2208
SPTBN5	chr15	42140344	42186275	42185260	42185479	1.05873	2.04832	0.983305	5.14353	7.18578e-06	-0.823666	-0.84852
SPTBN5	chr15	42140344	42186275	42185745	42186096	1.05413	3.05238	1.46998	5.11278	7.71288e-06	-0.676437	-0.678293
FRMD5	chr15	44162959	44487492	44393729	44486424	1.90948	0.00579798	0.00154335	6.5049	3.12683e-07	-1.83567	-0.862477
CYP19A1	chr15	51500254	51630795	51606307	51616012	0.635454	0.000167313	0.000107706	2.1216	0.0075579	0.987467	3.50428
GLDN	chr15	51633713	51700209	51634245	51669645	3.03062	0.0118567	0.00145096	7.72198	1.89681e-08	-0.495863	-0.1679
SCG3	chr15	51973550	52013223	51981566	51984355	-1.80109	0.000493062	0.00171824	2.39264	0.00404908	-0.96323	-0.370126
LRRC49	chr15	71145578	71342436	71175248	71184182	2.01571	0.00664232	0.0016426	4.61327	2.43627e-05	-0.0109962	-0.25272
REC114	chr15	73735499	73852353	73766263	73832825	-0.703121	0.00433532	0.007058	3.8929	0.000127967	-0.363699	-0.103272
CSPG4	chr15	75966663	76005189	75969726	75970043	1.17352	0.00885781	0.00392702	2.55751	0.00277006	-0.551079	-1.03346
ADAMTS7	chr15	79051545	79103773	79057050	79057986	1.7038	0.0263253	0.00808122	3.13008	0.000741179	-0.662324	-0.632939
ARNT2	chr15	80696692	80890277	80750318	80762558	-0.00602235	0.000426984	0.00042877	3.22047	0.000601907	0.231951	0.352117
IL16	chr15	81489219	81605104	81575098	81578038	-0.245046	0.0333124	0.0394796	2.14741	0.00712178	-0.503039	-0.345291
AGBL1	chr15	86685242	87572283	87099517	87217503	0.468278	0.000177657	0.000128415	2.27073	0.0053613	0.154106	0.477933
RHCG	chr15	90014640	90039844	90023640	90026297	-0.853346	0.00190317	0.00343843	2.31563	0.00483474	-0.756188	-1.51472
TICRR	chr15	90118818	90171253	90146124	90149998	0.920759	0.000651833	0.000344319	2.11445	0.00768325	-0.88098	-2.48939
ZNF710	chr15	90544723	90625432	90544847	90549986	0.481217	0.0877125	0.0628348	2.29242	0.00510017	-0.542301	-0.687577
ZNF710	chr15	90544723	90625432	90550074	90610341	0.37835	0.0671617	0.0516686	2.72407	0.00188768	-0.674384	-0.801184
SH3GL2	chr9	17578952	17797126	17579286	17747063	0.549876	0.000333025	0.000227482	2.07226	0.00846727	0.0063508	0.00744084
SLC24A2	chr9	19507450	19787017	19528137	19550134	-0.759551	0.0102944	0.017428	4.49527	3.19691e-05	-1.21196	-0.947552
PRSS3	chr9	33750464	33799229	33750726	33794743	0.386368	0.00498487	0.00381369	2.11899	0.00760351	-0.141165	-0.268992
PRSS3	chr9	33750464	33799229	33798081	33798483	0.667182	0.0432516	0.0272371	2.61145	0.00244654	-0.561826	-0.824131
RUSC2	chr9	35489949	35561895	35539106	35546426	0.934506	0.00163882	0.000857466	2.53312	0.00293006	-1.99447	-0.83788
GLIPR2	chr9	36136533	36163910	36136875	36147782	-0.349893	0.0882052	0.112415	2.19521	0.0063795	-0.999599	-0.996716
PTAR1	chr9	72324438	72374876	72333485	72333565	-0.206514	2.80757	3.23964	2.34182	0.00455179	-0.930098	-0.902605
C9orf57	chr9	74666297	74675521	74674301	74675412	-1.69645	0.000339226	0.00109944	2.01476	0.0096659	0.460407	-0.993536
TMC1	chr9	75136717	75451267	75355126	75357359	1.89379	0.00142941	0.000384654	2.11229	0.00772168	0.0784049	0.407453
C9orf40	chr9	77561499	77567802	77563123	77567101	-0.503209	0.342921	0.486044	2.23384	0.00583663	-1.01965	-0.93129
PRUNE2	chr9	79226292	79521003	79256897	79259653	-1.72968	0.00157362	0.005219	2.33735	0.00459883	-1.24639	-0.844884
SPATA31D3	chr9	84558415	84565009	84560148	84560461	2.3297	0.00524197	0.00104276	2.03762	0.00917026	-0.991646	0.134555
LOC100132077	chr9	97094758	97123230	97101303	97121766	-0.294634	0.0853674	0.104709	2.18561	0.00652213	-0.701363	-1.00926
FANCC	chr9	97861336	98079991	97873628	97873744	-0.492998	0.117835	0.165837	2.13796	0.00727845	-0.59604	-0.542113
PTCH1	chr9	98205264	98279247	98269482	98269510	-2.09795	0.0311963	0.133551	3.13065	0.000740207	-0.469798	-0.511429
PTCH1	chr9	98205264	98279247	98270323	98270442	-2.5018	0.0133216	0.0754526	3.0909	0.000811151	-0.969683	-1.17909
DNAJC25-GNG10	chr9	114393632	114432526	114405375	114409386	0.540045	0.0589202	0.0405223	2.19521	0.0063795	-0.884193	-0.797043
DNAJC25-GNG10	chr9	114393632	114432526	114409540	114411732	0.481651	0.062034	0.0444261	2.71335	0.00193485	-0.850623	-0.742203
C9orf91	chr9	117373706	117408703	117373845	117379397	0.33891	0.221013	0.174741	2.22415	0.00596829	-0.505277	-0.353393
DAB2IP	chr9	124329381	124547809	124545155	124545814	0.0656221	0.122105	0.116675	3.33368	0.000463787	-0.837911	-0.903979
PBX3	chr9	128509617	128729655	128510708	128510828	0.899612	0.681473	0.365291	3.10142	0.000791744	-0.262851	-0.252939
ST6GALNAC6	chr9	130647600	130667627	130661928	130667485	0.510622	0.371971	0.261094	3.06711	0.000856817	-0.578751	-0.54401
PIP5KL1	chr9	130683808	130693076	130684394	130687385	0.568066	0.461713	0.311435	2.83245	0.00147079	-0.912708	-0.955947
DNM1	chr9	130965634	131017527	131013220	131015379	0.826901	0.0205028	0.0115582	2.2939	0.00508272	-0.362025	-0.327961
HMCN2	chr9	133028158	133309510	133241383	133243662	1.3574	0.000499582	0.000194979	2.31348	0.00485872	0.212066	0.908021
ADAMTS13	chr9	136279459	136324525	136320726	136321190	0.479019	0.20642	0.148099	2.13792	0.00727922	-0.617727	-0.600408
GLT6D1	chr9	138515502	138531386	138516517	138517914	2.06509	0.00089558	0.000214018	2.22523	0.0059534	-0.185461	0.842228
LHX3	chr9	139088096	139096955	139095005	139096779	-1.0331	0.00946448	0.0193683	3.29295	0.000509391	-0.138024	-0.0631878
LCN8	chr9	139648840	139652731	139648962	139649586	0.813841	1.28519	0.731099	2.02835	0.00936805	-0.888472	-0.94167
CYSRT1	chr9	140119087	140120763	140119686	140120065	0.764941	0.0644488	0.0379266	3.16127	0.000689813	-0.677857	-0.768236
C9orf173	chr9	140145713	140147935	140146588	140146888	1.11946	0.110365	0.0507972	2.55824	0.00276542	-0.838905	-0.967309
CACNA1B	chr9	140772241	141019076	141014825	141015082	0.973823	0.00541514	0.00275714	2.0626	0.00865768	-0.942733	-0.849421
